1.992001140746008370e-01
2.761578892450117922e-02
2.831760208428679149e-01
3.429481589439904721e-02
1.992001140746008370e-01
2.761578892450117922e-02
2.831760208428679149e-01
3.429481589439904721e-02
1.992001140762143796e-01
2.761578892476117264e-02
2.831760208447482441e-01
3.429481589466831098e-02
1.992001140883579713e-01
2.761578892629308266e-02
2.831760208597325357e-01
3.429481589637958794e-02
1.992001140750676302e-01
2.761578892458588577e-02
2.831760208434164761e-01
3.429481589447014311e-02
1.992001140750715993e-01
2.761578892458760315e-02
2.831760208434217496e-01
3.429481589447075374e-02
1.992001140735318310e-01
2.761578892440351082e-02
2.831760208426996606e-01
3.429481589464475344e-02
1.992001140769668610e-01
2.761578892483503370e-02
2.831760208449479177e-01
3.429481589462333307e-02
1.992001140886402455e-01
2.761578892626902204e-02
2.831760208597493000e-01
3.429481589638683214e-02
2.192195939805880733e-01
3.002570786090478366e-02
3.087367483089650810e-01
3.728045327071276976e-02
2.192195939821010020e-01
3.002570786114912293e-02
3.087367483106592814e-01
3.728045327096524142e-02
2.192195939952790718e-01
3.002570786281223009e-02
3.087367483270896384e-01
3.728045327283737581e-02
2.192195939809835348e-01
3.002570786098089292e-02
3.087367483094642373e-01
3.728045327079083232e-02
2.192195939810133443e-01
3.002570786098763753e-02
3.087367483095037612e-01
3.728045327079719529e-02
2.192195939806489968e-01
3.002570786083371551e-02
3.087367483078482522e-01
3.728045327027142836e-02
2.192195939830952622e-01
3.002570786125611027e-02
3.087367483111793653e-01
3.728045327095214773e-02
2.192195939955787209e-01
3.002570786278687537e-02
3.087367483270939128e-01
3.728045327284462696e-02
2.806517716761396386e-01
3.816583039897820245e-02
3.915100005957738993e-01
4.805155021870458065e-02
2.806517716773703208e-01
3.816583039918541864e-02
3.915100005969973651e-01
4.805155021893237760e-02
2.806517716932211970e-01
3.816583040119574805e-02
3.915100006172073099e-01
4.805155022123809572e-02
2.806517716776900651e-01
3.816583039930017407e-02
3.915100005981426157e-01
4.805155021918564723e-02
2.806517716783658578e-01
3.816583039947984979e-02
3.915100005991482002e-01
4.805155021942864729e-02
2.806517716677410790e-01
3.816583039724461696e-02
3.915100005835069341e-01
4.805155021624785139e-02
2.806517716789931893e-01
3.816583039937927052e-02
3.915100005983395137e-01
4.805155021899386314e-02
2.806517716935222895e-01
3.816583040115964498e-02
3.915100006171295388e-01
4.805155022123776959e-02
2.718385920686759438e-01
3.705150646210164656e-02
3.811888452917233105e-01
4.688367316818540381e-02
2.718385920698871971e-01
3.705150646230574718e-02
3.811888452929322324e-01
4.688367316841111215e-02
2.718385920854408111e-01
3.705150646427856492e-02
3.811888453127765808e-01
4.688367317067610590e-02
2.718385920702381386e-01
3.705150646242708068e-02
3.811888452941105121e-01
4.688367316867096679e-02
2.718385920709092685e-01
3.705150646260718661e-02
3.811888452951093798e-01
4.688367316891389053e-02
2.718385920601540384e-01
3.705150646033331802e-02
3.811888452792724924e-01
4.688367316568455706e-02
2.718385920714698201e-01
3.705150646249474183e-02
3.811888452942380767e-01
4.688367316846983601e-02
2.718385920857333549e-01
3.705150646424291289e-02
3.811888453126977550e-01
4.688367317067539813e-02
2.382611335742106928e-01
3.288812298048350569e-02
3.426696102186706505e-01
4.268529702566833950e-02
2.382611335753493376e-01
3.288812298067635836e-02
3.426696102198360516e-01
4.268529702588948899e-02
2.382611335896962224e-01
3.288812298249730454e-02
3.426696102382170706e-01
4.268529702799340325e-02
2.382611335759129145e-01
3.288812298084581309e-02
3.426696102212762329e-01
4.268529702620416783e-02
2.382611335765889848e-01
3.288812298103849230e-02
3.426696102222818729e-01
4.268529702645963014e-02
2.382611335644331807e-01
3.288812297838341475e-02
3.426696102043645387e-01
4.268529702273651805e-02
2.382611335767521599e-01
3.288812298084364122e-02
3.426696102209757511e-01
4.268529702593413383e-02
2.382611335899487703e-01
3.288812298246310273e-02
3.426696102381290299e-01
4.268529702799039177e-02
2.040620351126113119e-01
2.894501779468501221e-02
3.049800175745890352e-01
3.905200601014430228e-02
2.040620351136806510e-01
2.894501779486868473e-02
3.049800175757407805e-01
3.905200601037016328e-02
2.040620351266080046e-01
2.894501779651274462e-02
3.049800175924373136e-01
3.905200601229306956e-02
2.040620351147224842e-01
2.894501779515610759e-02
3.049800175778293321e-01
3.905200601082834538e-02
2.040620351154712186e-01
2.894501779539779274e-02
3.049800175789422196e-01
3.905200601113937436e-02
2.040620350991627918e-01
2.894501779157561752e-02
3.049800175548675329e-01
3.905200600591144516e-02
2.040620351148398348e-01
2.894501779500636973e-02
3.049800175766435029e-01
3.905200601039143099e-02
2.040620351268008503e-01
2.894501779647876485e-02
3.049800175923261247e-01
3.905200601228536739e-02
2.121916907910875727e-01
3.015363247192769450e-02
3.156351330004627531e-01
4.056624912700793756e-02
2.121916907921861106e-01
3.015363247211699099e-02
3.156351330016517465e-01
4.056624912724200033e-02
2.121916908054068407e-01
3.015363247379925643e-02
3.156351330187268656e-01
4.056624912920964859e-02
2.121916907933534546e-01
3.015363247243798422e-02
3.156351330039401937e-01
4.056624912774624975e-02
2.121916907941516495e-01
3.015363247270127015e-02
3.156351330051256898e-01
4.056624912808343142e-02
2.121916907762806670e-01
3.015363246845699854e-02
3.156351329787582261e-01
4.056624912230389485e-02
2.121916907933678598e-01
3.015363247225728155e-02
3.156351330025667923e-01
4.056624912726188720e-02
2.121916908056004636e-01
3.015363247376383338e-02
3.156351330186092929e-01
4.056624912920112069e-02
2.473455323430387987e-01
3.561475952983780141e-02
3.621312584011197044e-01
4.747024193134480319e-02
2.473455323442599607e-01
3.561475953005145689e-02
3.621312584024720671e-01
4.747024193161580863e-02
2.473455323586431776e-01
3.561475953188646126e-02
3.621312584210472085e-01
4.747024193376232076e-02
2.473455323460653499e-01
3.561475953054827476e-02
3.621312584057627681e-01
4.747024193235705597e-02
2.473455323471386025e-01
3.561475953093413277e-02
3.621312584073533847e-01
4.747024193284292426e-02
2.473455323209561019e-01
3.561475952433351688e-02
3.621312583688047759e-01
4.747024192402153620e-02
2.473455323455260590e-01
3.561475953020133700e-02
3.621312584034241389e-01
4.747024193162756311e-02
2.473455323588349686e-01
3.561475953184434912e-02
3.621312584208983276e-01
4.747024193374952544e-02
2.459579915404647987e-01
3.546762319916290512e-02
3.604564337870770352e-01
4.731276497535531755e-02
2.459579915416832685e-01
3.546762319937628999e-02
3.604564337884286762e-01
4.731276497562652422e-02
2.459579915560092256e-01
3.546762320120427914e-02
3.604564338069297658e-01
4.731276497776494561e-02
2.459579915434970676e-01
3.546762319987546014e-02
3.604564337917292027e-01
4.731276497637005446e-02
2.459579915446042930e-01
3.546762320027114362e-02
3.604564337933718887e-01
4.731276497686912746e-02
2.459579915181824006e-01
3.546762319360072940e-02
3.604564337544655106e-01
4.731276496795835951e-02
2.459579915429426222e-01
3.546762319952532355e-02
3.604564337893733650e-01
4.731276497563743910e-02
2.459579915561987962e-01
3.546762320116208372e-02
3.604564338067799412e-01
4.731276497775198375e-02
2.429475927187313422e-01
3.536490308728625770e-02
3.573173795650190221e-01
4.733051110521828420e-02
2.429475927199496177e-01
3.536490308750092626e-02
3.573173795663867058e-01
4.733051110549457707e-02
2.429475927341077368e-01
3.536490308930959059e-02
3.573173795846704692e-01
4.733051110761098829e-02
2.429475927218745224e-01
3.536490308803137694e-02
3.573173795698433297e-01
4.733051110627550795e-02
2.429475927232119803e-01
3.536490308849870451e-02
3.573173795718361800e-01
4.733051110686888746e-02
2.429475926944950903e-01
3.536490308115892295e-02
3.573173795295273569e-01
4.733051109710031262e-02
2.429475927211833253e-01
3.536490308764668467e-02
3.573173795672962005e-01
4.733051110550014207e-02
2.429475927342857888e-01
3.536490308926622944e-02
3.573173795845120404e-01
4.733051110759656233e-02
2.369900146726341417e-01
3.520170409072272133e-02
3.512019690566040575e-01
4.742887260982245334e-02
2.369900146738514735e-01
3.520170409093988789e-02
3.512019690580037712e-01
4.742887261010909905e-02
2.369900146876582625e-01
3.520170409270787643e-02
3.512019690758322321e-01
4.742887261217922784e-02
2.369900146759715831e-01
3.520170409152537094e-02
3.512019690617310119e-01
4.742887261095429102e-02
2.369900146778877448e-01
3.520170409216843294e-02
3.512019690646069336e-01
4.742887261178010266e-02
2.369900146442076028e-01
3.520170408338515328e-02
3.512019690149179030e-01
4.742887260016022399e-02
2.369900146750318071e-01
3.520170409107879761e-02
3.512019690588404353e-01
4.742887261010362426e-02
2.369900146878127223e-01
3.520170409266220463e-02
3.512019690756564283e-01
4.742887261216190836e-02
2.357484520462486965e-01
3.505300982117143249e-02
3.497181069571596024e-01
4.727621925031268851e-02
2.357484520474636414e-01
3.505300982138825905e-02
3.497181069585594826e-01
4.727621925059946606e-02
2.357484520612148637e-01
3.505300982314926705e-02
3.497181069763158900e-01
4.727621925266176084e-02
2.357484520495488622e-01
3.505300982196323661e-02
3.497181069622305460e-01
4.727621925142987819e-02
2.357484520516036075e-01
3.505300982263940407e-02
3.497181069653195751e-01
4.727621925230222899e-02
2.357484520176277853e-01
3.505300981380959219e-02
3.497181069151678590e-01
4.727621924060995684e-02
2.357484520486372304e-01
3.505300982152628753e-02
3.497181069593882086e-01
4.727621925059311697e-02
2.357484520613675194e-01
3.505300982310360219e-02
3.497181069761394756e-01
4.727621925264435809e-02
2.341647940747752232e-01
3.479123178781033665e-02
3.479124112283779602e-01
4.704458415342695904e-02
2.341647940759886415e-01
3.479123178802659422e-02
3.479124112297822258e-01
4.704458415371414598e-02
2.341647940896599833e-01
3.479123178977691633e-02
3.479124112474341057e-01
4.704458415576525526e-02
2.341647940778515402e-01
3.479123178853645720e-02
3.479124112331098417e-01
4.704458415445623293e-02
2.341647940805853256e-01
3.479123178936387867e-02
3.479124112372453670e-01
4.704458415554559764e-02
2.341647940457892985e-01
3.479123178053375454e-02
3.479124111857536672e-01
4.704458414377416658e-02
2.341647940771506009e-01
3.479123178816304063e-02
3.479124112305954086e-01
4.704458415370602054e-02
2.341647940898110847e-01
3.479123178973157759e-02
3.479124112472576913e-01
4.704458415574804681e-02
2.254895661614434443e-01
3.260238983761353654e-02
3.355003534463304460e-01
4.434409363129292875e-02
2.254895661626229453e-01
3.260238983781931638e-02
3.355003534476805882e-01
4.434409363156250478e-02
2.254895661760774883e-01
3.260238983953378522e-02
3.355003534650424224e-01
4.434409363357589423e-02
2.254895661632805304e-01
3.260238983801010820e-02
3.355003534491675099e-01
4.434409363187280517e-02
2.254895661686842079e-01
3.260238983930922180e-02
3.355003534574503288e-01
4.434409363369972573e-02
2.254895661374455296e-01
3.260238983234838711e-02
3.355003534107178220e-01
4.434409362400924814e-02
2.254895661637763560e-01
3.260238983795417378e-02
3.355003534484987116e-01
4.434409363156079781e-02
2.254895661762514047e-01
3.260238983949437924e-02
3.355003534648957064e-01
4.434409363356395933e-02
2.336779840989080259e-01
3.367174254180912985e-02
3.461771720320501733e-01
4.575516644054886117e-02
2.336779841001148939e-01
3.367174254201929506e-02
3.461771720334355651e-01
4.575516644082484180e-02
2.336779841138482972e-01
3.367174254376802123e-02
3.461771720511520600e-01
4.575516644287993401e-02
2.336779841005949820e-01
3.367174254216806495e-02
3.461771720346580317e-01
4.575516644107648773e-02
2.336779841073602926e-01
3.367174254374435266e-02
3.461771720450510514e-01
4.575516644331659860e-02
2.336779840736669389e-01
3.367174253639328846e-02
3.461771719945135883e-01
4.575516643299797764e-02
2.336779841012898429e-01
3.367174254215626883e-02
3.461771720342632364e-01
4.575516644082212869e-02
2.336779841140291247e-01
3.367174254372849035e-02
3.461771720510053441e-01
4.575516644286835299e-02
2.522852646017006983e-01
3.684529895226881790e-02
3.722989792944365606e-01
5.016846915762979836e-02
2.522852646029831725e-01
3.684529895249435971e-02
3.722989792959484068e-01
5.016846915793415213e-02
2.522852646171750424e-01
3.684529895430429386e-02
3.722989793142492676e-01
5.016846916006460766e-02
2.522852646035344537e-01
3.684529895266099031e-02
3.722989792972750123e-01
5.016846915820406122e-02
2.522852646132877075e-01
3.684529895493192375e-02
3.722989793122871149e-01
5.016846916142777418e-02
2.522852645683168471e-01
3.684529894505068209e-02
3.722989792446865787e-01
5.016846914760018927e-02
2.522852646041696123e-01
3.684529895263158328e-02
3.722989792967404399e-01
5.016846915791853267e-02
2.522852646173452951e-01
3.684529895426070373e-02
3.722989793140786263e-01
5.016846916004996659e-02
2.309715616270920646e-01
3.167577734979876158e-02
3.375760142065211133e-01
4.266362871659518108e-02
2.504300289786913769e-01
3.619900435816998663e-02
3.690661957117503111e-01
4.930662584004977256e-02
2.504300289799635815e-01
3.619900435839213532e-02
3.690661957132403415e-01
4.930662584034727763e-02
2.504300289941505664e-01
3.619900436019784368e-02
3.690661957315271580e-01
4.930662584247393065e-02
2.504300289802026680e-01
3.619900435848604631e-02
3.690661957140918825e-01
4.930662584051690583e-02
2.504300289912568256e-01
3.619900436096357838e-02
3.690661957311401897e-01
4.930662584408321281e-02
2.504300289476988350e-01
3.619900435169588065e-02
3.690661956654650022e-01
4.930662583093788076e-02
2.504300289811575708e-01
3.619900435852989318e-02
3.690661957140461413e-01
4.930662584033547458e-02
2.504300289943349189e-01
3.619900436015683481e-02
3.690661957313711716e-01
4.930662584246160024e-02
2.270415470511735756e-01
3.124729869501298440e-02
3.329074553537107461e-01
4.229140149576339491e-02
2.480713287105144327e-01
3.563444460754662535e-02
3.654535132116734086e-01
4.857392709137540315e-02
2.480713287117765342e-01
3.563444460776605399e-02
3.654535132131463970e-01
4.857392709166789835e-02
2.480713287259170563e-01
3.563444460956326915e-02
3.654535132313658230e-01
4.857392709378558632e-02
2.480713287118167520e-01
3.563444460781506340e-02
3.654535132136930708e-01
4.857392709177471568e-02
2.480713287239776910e-01
3.563444461047511613e-02
3.654535132324744917e-01
4.857392709564011674e-02
2.480713286811051799e-01
3.563444460154094329e-02
3.654535131676864279e-01
4.857392708284721111e-02
2.480713287129716060e-01
3.563444460790355511e-02
3.654535132139570819e-01
4.857392709165839900e-02
2.480713287261113176e-01
3.563444460952421011e-02
3.654535132312211609e-01
4.857392709377489348e-02
2.384361057313071353e-01
3.389930757811741163e-02
3.518532180255541375e-01
4.636371715513256525e-02
2.384361057325348199e-01
3.389930757832922831e-02
3.518532180269789977e-01
4.636371715541263289e-02
2.384361057463989797e-01
3.389930758008587175e-02
3.518532180448223357e-01
4.636371715748489886e-02
2.384361057322401667e-01
3.389930757830490748e-02
3.518532180270038667e-01
4.636371715541486027e-02
2.384361057469221723e-01
3.389930758138487432e-02
3.518532180497425110e-01
4.636371715997025106e-02
2.384361057052603594e-01
3.389930757300881753e-02
3.518532179864850562e-01
4.636371714775384956e-02
2.384361057337155421e-01
3.389930757846399551e-02
3.518532180277845201e-01
4.636371715540700544e-02
2.384361057466122535e-01
3.389930758005146177e-02
3.518532180447033197e-01
4.636371715747772404e-02
2.396516881121739662e-01
3.454337222221169623e-02
3.550890618799619203e-01
4.749068864631932757e-02
2.396516881134206356e-01
3.454337222242875177e-02
3.550890618814389055e-01
4.749068864661275258e-02
2.396516881271847643e-01
3.454337222417605546e-02
3.550890618991538461e-01
4.749068864867593553e-02
2.396516881132582377e-01
3.454337222243233918e-02
3.550890618816467392e-01
4.749068864664914708e-02
2.396516881291280154e-01
3.454337222581959493e-02
3.550890619062241904e-01
4.749068865161613223e-02
2.396516880815092732e-01
3.454337221607587521e-02
3.550890618339541116e-01
4.749068863753597158e-02
2.396516881145705491e-01
3.454337222255946666e-02
3.550890618821904710e-01
4.749068864659703598e-02
2.396516881273788591e-01
3.454337222413897401e-02
3.550890618990164560e-01
4.749068864866609618e-02
2.387758934856102633e-01
3.472965846555279429e-02
3.551728330446170534e-01
4.807405299072165655e-02
2.387758934868674521e-01
3.472965846577289600e-02
3.551728330461356720e-01
4.807405299102490009e-02
2.387758935004634930e-01
3.472965846749899443e-02
3.551728330636197417e-01
4.807405299306689861e-02
2.387758934866664740e-01
3.472965846576762244e-02
3.551728330462601280e-01
4.807405299104250407e-02
2.387758935060816101e-01
3.472965846989590349e-02
3.551728330763735952e-01
4.807405299709988089e-02
2.387758934511308717e-01
3.472965845865867707e-02
3.551728329927936190e-01
4.807405298085271061e-02
2.387758934879837258e-01
3.472965846589835121e-02
3.551728330468292283e-01
4.807405299100010049e-02
2.387758935006506489e-01
3.472965846746167012e-02
3.551728330634774111e-01
4.807405299305629598e-02
2.352873917961940120e-01
3.395691388984715953e-02
3.497816164918794990e-01
4.715567091454875293e-02
2.352873917974392937e-01
3.395691389006420813e-02
3.497816164933847394e-01
4.715567091484727802e-02
2.352873918109339713e-01
3.395691389177196706e-02
3.497816165107106579e-01
4.715567091687095092e-02
2.352873917970157991e-01
3.395691389001168764e-02
3.497816164931600857e-01
4.715567091479649225e-02
2.352873918206423720e-01
3.395691389490895079e-02
3.497816165298905933e-01
4.715567092206611466e-02
2.352873917632327949e-01
3.395691388342177153e-02
3.497816164422310470e-01
4.715567090524539623e-02
2.352873917985514041e-01
3.395691389018754697e-02
3.497816164940696360e-01
4.715567091482359557e-02
2.352873918111429985e-01
3.395691389173875058e-02
3.497816165105919195e-01
4.715567091686351936e-02
2.371742553329634906e-01
3.382769079924895228e-02
3.507652170021217652e-01
4.697998307869306195e-02
2.371742553342097160e-01
3.382769079946486290e-02
3.507652170036221762e-01
4.697998307898784698e-02
2.371742553478234095e-01
3.382769080118055299e-02
3.507652170210658893e-01
4.697998308102418336e-02
2.371742553335902948e-01
3.382769079937264500e-02
3.507652170031003713e-01
4.697998307888100883e-02
2.371742553623448491e-01
3.382769080520043464e-02
3.507652170479048093e-01
4.697998308763597780e-02
2.371742553017915367e-01
3.382769079331580248e-02
3.507652169550905530e-01
4.697998306999943280e-02
2.371742553353428096e-01
3.382769079958864583e-02
3.507652170043217832e-01
4.697998307896759929e-02
2.371742553480669091e-01
3.382769080115227700e-02
3.507652170209780707e-01
4.697998308102092901e-02
2.547890279742340836e-01
3.662596070930538433e-02
3.751103501927874340e-01
5.096424683348355772e-02
2.547890279755480325e-01
3.662596070953452049e-02
3.751103501944005325e-01
5.096424683380254561e-02
2.547890279895972943e-01
3.662596071130545111e-02
3.751103502123865896e-01
5.096424683590839583e-02
2.547890279749230880e-01
3.662596070944196258e-02
3.751103501938637952e-01
5.096424683369041309e-02
2.547890280104632144e-01
3.662596071668021425e-02
3.751103502492847963e-01
5.096424684453011722e-02
2.547890279357699073e-01
3.662596070193045034e-02
3.751103501346950142e-01
5.096424682271547685e-02
2.547890279766962807e-01
3.662596070965831729e-02
3.751103501950695529e-01
5.096424683377152182e-02
2.547890279898431531e-01
3.662596071127538488e-02
3.751103502122883349e-01
5.096424683590394800e-02
2.488934852001005726e-01
3.562737146265474580e-02
3.667045183092908500e-01
4.957249164589310614e-02
2.488934852013921784e-01
3.562737146287937168e-02
3.667045183108678663e-01
4.957249164620388532e-02
2.488934852152992760e-01
3.562737146463071380e-02
3.667045183286675170e-01
4.957249164828619187e-02
2.488934852007362863e-01
3.562737146278031897e-02
3.667045183102841110e-01
4.957249164608377306e-02
2.488934852354874605e-01
3.562737146982284525e-02
3.667045183644889739e-01
4.957249165666151314e-02
2.488934851642580215e-01
3.562737145582300924e-02
3.667045182551555427e-01
4.957249163588769297e-02
2.488934852025364852e-01
3.562737146300273133e-02
3.667045183115447693e-01
4.957249164617642812e-02
2.488934852155512967e-01
3.562737146460233373e-02
3.667045183285793652e-01
4.957249164828299304e-02
2.482461973458173488e-01
3.558498265915195635e-02
3.660532849118098286e-01
4.954835525024627041e-02
2.482461973471083161e-01
3.558498265937663080e-02
3.660532849133888433e-01
4.954835525055772960e-02
2.482461973609788042e-01
3.558498266112372632e-02
3.660532849311420867e-01
4.954835525263517892e-02
2.482461973464605842e-01
3.558498265927909771e-02
3.660532849128147470e-01
4.954835525043922023e-02
2.482461973812848388e-01
3.558498266634354396e-02
3.660532849671324085e-01
4.954835526104300891e-02
2.482461973096206087e-01
3.558498265224382950e-02
3.660532848571373399e-01
4.954835524013585096e-02
2.482461973482473494e-01
3.558498265949937289e-02
3.660532849140593625e-01
4.954835525052935646e-02
2.482461973612282990e-01
3.558498266109511032e-02
3.660532849310521586e-01
4.954835525263170948e-02
2.477213178439730823e-01
3.554615013751465796e-02
3.655104496131903469e-01
4.952082307235124159e-02
2.477213178452634668e-01
3.554615013773933935e-02
3.655104496147707493e-01
4.952082307266313099e-02
2.477213178591053944e-01
3.554615013948309726e-02
3.655104496324879104e-01
4.952082307473676392e-02
2.477213178446203146e-01
3.554615013764266668e-02
3.655104496142018156e-01
4.952082307254541960e-02
2.477213178795633353e-01
3.554615014473529871e-02
3.655104496687042737e-01
4.952082308318714321e-02
2.477213178075268751e-01
3.554615013055344858e-02
3.655104495581391055e-01
4.952082306216752661e-02
2.477213178463984200e-01
3.554615013786161654e-02
3.655104496154364946e-01
4.952082307263409172e-02
2.477213178593528631e-01
3.554615013945430779e-02
3.655104496323964836e-01
4.952082307473307937e-02
2.470784224672263607e-01
3.550038299137111414e-02
3.648612145204752077e-01
4.949251596397603176e-02
2.470784224685159958e-01
3.550038299159583716e-02
3.648612145220573866e-01
4.949251596428854566e-02
2.470784224823217023e-01
3.550038299333534847e-02
3.648612145397285289e-01
4.949251596635732137e-02
2.470784224678759800e-01
3.550038299149965715e-02
3.648612145214903402e-01
4.949251596417091753e-02
2.470784225031499304e-01
3.550038299866252467e-02
3.648612145765094961e-01
4.949251597491365756e-02
2.470784224304422849e-01
3.550038298434039091e-02
3.648612144649092670e-01
4.949251595369510287e-02
2.470784224696457865e-01
3.550038299171748984e-02
3.648612145227166370e-01
4.949251596425859739e-02
2.470784224825665898e-01
3.550038299330633695e-02
3.648612145396353257e-01
4.949251596635338701e-02
2.459669361953905342e-01
3.541699781823645643e-02
3.637439108895528239e-01
4.944038630214653979e-02
2.459669361966790035e-01
3.541699781846120026e-02
3.637439108911382779e-01
4.944038630246012228e-02
2.459669362104215384e-01
3.541699782019328696e-02
3.637439109087295397e-01
4.944038630452046029e-02
2.459669361960361011e-01
3.541699781836418759e-02
3.637439108905615170e-01
4.944038630234013493e-02
2.459669362323472219e-01
3.541699782573629746e-02
3.637439109472023757e-01
4.944038631339294637e-02
2.459669361580249791e-01
3.541699781109223372e-02
3.637439108330960957e-01
4.944038629170367793e-02
2.459669361977996627e-01
3.541699781858180518e-02
3.637439108917862596e-01
4.944038630242862664e-02
2.459669362106620405e-01
3.541699782016390768e-02
3.637439109086330613e-01
4.944038630451611654e-02
2.440008975092428922e-01
3.522911795485102887e-02
3.616511449255602750e-01
4.928031403263819638e-02
2.440008975105284472e-01
3.522911795507550903e-02
3.616511449271487821e-01
4.928031403295284052e-02
2.440008975241681199e-01
3.522911795679532776e-02
3.616511449446098703e-01
4.928031403499922442e-02
2.440008975098588995e-01
3.522911795497273707e-02
3.616511449265230049e-01
4.928031403282267381e-02
2.440008975489877940e-01
3.522911796289460162e-02
3.616511449875740025e-01
4.928031404470613330e-02
2.440008974711619372e-01
3.522911794758491755e-02
3.616511448679936014e-01
4.928031402201203670e-02
2.440008975116349232e-01
3.522911795519449024e-02
3.616511449277802770e-01
4.928031403291919382e-02
2.440008975244021550e-01
3.522911795676549745e-02
3.616511449445093396e-01
4.928031403499431168e-02
2.373960813196664688e-01
3.422280816898249506e-02
3.529736355776951218e-01
4.798397320277075773e-02
2.373960813209311793e-01
3.422280816920289515e-02
3.529736355792569280e-01
4.798397320307952463e-02
2.373960813343561904e-01
3.422280817089513177e-02
3.529736355964440686e-01
4.798397320509351083e-02
2.373960813201571596e-01
3.422280816907864731e-02
3.529736355784621749e-01
4.798397320291697410e-02
2.373960813665491332e-01
3.422280817834995326e-02
3.529736356508975104e-01
4.798397321689820694e-02
2.373960812830944733e-01
3.422280816209314486e-02
3.529736355223520583e-01
4.798397319264160327e-02
2.373960813220203636e-01
3.422280816932004449e-02
3.529736355798790970e-01
4.798397320304677305e-02
2.373960813345875331e-01
3.422280817086604393e-02
3.529736355963463690e-01
4.798397320508900055e-02
2.382292438308836469e-01
3.421902146022513108e-02
3.536884250190064360e-01
4.792861058628931220e-02
2.382292438321484407e-01
3.421902146044506626e-02
3.536884250205629687e-01
4.792861058659625417e-02
2.382292438456338757e-01
3.421902146214404750e-02
3.536884250378270478e-01
4.792861058861807438e-02
2.382292438313143856e-01
3.421902146030914027e-02
3.536884250196800639e-01
4.792861058641739030e-02
2.382292438824934744e-01
3.421902147046510662e-02
3.536884250996172319e-01
4.792861060178458393e-02
2.382292437951514796e-01
3.421902145354463465e-02
3.536884249649152046e-01
4.792861057643303668e-02
2.382292438332468953e-01
3.421902146056332583e-02
3.536884250211972947e-01
4.792861058656540385e-02
2.382292438458703809e-01
3.421902146211553558e-02
3.536884250377333450e-01
4.792861058861418166e-02
2.554681128042011751e-01
3.656588527558515128e-02
3.761582416296950782e-01
5.099214652652865609e-02
2.554681128055188988e-01
3.656588527581407233e-02
3.761582416313155597e-01
5.099214652684790766e-02
2.554681128195794293e-01
3.656588527758519724e-02
3.761582416493161052e-01
5.099214652895570077e-02
2.554681128046026317e-01
3.656588527566319302e-02
3.761582416303230203e-01
5.099214652664781078e-02
2.554681128662464329e-01
3.656588528783274311e-02
3.761582417266328138e-01
5.099214654510274974e-02
2.554681127656416306e-01
3.656588526841342279e-02
3.761582415713008998e-01
5.099214651592368086e-02
2.554681128066648710e-01
3.656588527593746668e-02
3.761582416319785294e-01
5.099214652681615528e-02
2.554681128198268980e-01
3.656588527755566531e-02
3.761582416492193492e-01
5.099214652895184274e-02
2.458934350724319429e-01
3.475373753563905377e-02
3.616538572988985956e-01
4.827701107909319195e-02
2.526337760421897283e-01
3.602855581097083593e-02
3.718890605045654940e-01
5.019257720748316470e-02
2.526337760434947399e-01
3.602855581119702999e-02
3.718890605061616617e-01
5.019257720779676107e-02
2.526337760575113056e-01
3.602855581296170173e-02
3.718890605241061964e-01
5.019257720989620669e-02
2.526337760425523271e-01
3.602855581104109917e-02
3.718890605051325959e-01
5.019257720759062735e-02
2.526337761058592424e-01
3.602855582348332697e-02
3.718890606040528568e-01
5.019257722650695419e-02
2.526337760055895609e-01
3.602855580419921100e-02
3.718890604491376650e-01
5.019257719744334850e-02
2.526337760446440428e-01
3.602855581132100721e-02
3.718890605068376765e-01
5.019257720776821446e-02
2.526337760577630487e-01
3.602855581293309961e-02
3.718890605240153246e-01
5.019257720989314664e-02
2.477680231548216316e-01
3.541607121453902579e-02
3.658933625091740915e-01
4.941862893959571984e-02
2.477680231561131818e-01
3.541607121476300635e-02
3.658933625107558818e-01
4.941862893990686678e-02
2.477680231699552205e-01
3.541607121650692386e-02
3.658933625284835345e-01
4.941862894198127687e-02
2.477680231551706580e-01
3.541607121460663837e-02
3.658933625097201547e-01
4.941862893969910936e-02
2.477680232199997445e-01
3.541607122733578944e-02
3.658933626110071335e-01
4.941862895904691050e-02
2.477680231185630522e-01
3.541607120783388934e-02
3.658933624542555219e-01
4.941862892965681597e-02
2.477680231572451652e-01
3.541607121488544313e-02
3.658933625114199617e-01
4.941862893987771649e-02
2.477680231701975544e-01
3.541607121647770418e-02
3.658933625283878333e-01
4.941862894197748823e-02
2.463470251129096511e-01
3.527707636997388929e-02
3.643428446992105219e-01
4.927954464285295294e-02
2.463470251141986478e-01
3.527707637019759229e-02
3.643428447007924786e-01
4.927954464316450234e-02
2.463470251279734347e-01
3.527707637193369661e-02
3.643428447184366425e-01
4.927954464522980166e-02
2.463470251132514055e-01
3.527707637004005858e-02
3.643428446997448722e-01
4.927954464295410120e-02
2.463470251804203148e-01
3.527707638322230554e-02
3.643428448046886481e-01
4.927954466298554992e-02
2.463470250762898051e-01
3.527707636320224355e-02
3.643428446437347312e-01
4.927954463281816050e-02
2.463470251153218327e-01
3.527707637031912008e-02
3.643428447014472327e-01
4.927954464313417243e-02
2.463470251282107726e-01
3.527707637190404671e-02
3.643428447183373886e-01
4.927954464522552036e-02
2.444472572732649396e-01
3.503555364861503374e-02
3.620457879423483738e-01
4.901162581131530971e-02
2.444472572745495509e-01
3.503555364883801510e-02
3.620457879439284432e-01
4.901162581162653298e-02
2.444472572882442074e-01
3.503555365056406495e-02
3.620457879614693009e-01
4.901162581368036231e-02
2.444472572735745808e-01
3.503555364867489558e-02
3.620457879428328196e-01
4.901162581140684760e-02
2.444472573479987143e-01
3.503555366323538728e-02
3.620457880591428368e-01
4.901162583355741370e-02
2.444472572365267715e-01
3.503555364184061244e-02
3.620457878866708556e-01
4.901162580126525170e-02
2.444472572756635764e-01
3.503555364895843266e-02
3.620457879445733718e-01
4.901162581159528714e-02
2.444472572884791028e-01
3.503555365053446363e-02
3.620457879613694363e-01
4.901162581367601856e-02
2.422314745691434568e-01
3.478563666290251932e-02
3.594995270885676941e-01
4.880102613757694718e-02
2.422314745704248207e-01
3.478563666312513986e-02
3.594995270901520379e-01
4.880102613788929455e-02
2.422314745840025152e-01
3.478563666483599354e-02
3.594995271075372423e-01
4.880102613992660238e-02
2.422314745694098270e-01
3.478563666295387408e-02
3.594995270889844718e-01
4.880102613765555791e-02
2.422314746583200673e-01
3.478563668028012562e-02
3.594995272280114285e-01
4.880102616405180421e-02
2.422314745316726525e-01
3.478563665601597937e-02
3.594995270317394853e-01
4.880102612734635997e-02
2.422314745715235251e-01
3.478563666324330922e-02
3.594995270907764828e-01
4.880102613785557153e-02
2.422314745842357175e-01
3.478563666480673916e-02
3.594995271074378773e-01
4.880102613992229332e-02
2.461709120742491264e-01
3.550261273429465569e-02
3.654650250571472858e-01
4.987425543930647936e-02
2.461709120755479208e-01
3.550261273452085670e-02
3.654650250587644367e-01
4.987425543962623053e-02
2.461709120891905078e-01
3.550261273624119585e-02
3.654650250762348507e-01
4.987425544167575081e-02
2.461709120745217694e-01
3.550261273434730108e-02
3.654650250575738335e-01
4.987425543938690808e-02
2.461709121703061498e-01
3.550261275303495667e-02
3.654650252073550210e-01
4.987425546781516783e-02
2.461709120341746548e-01
3.550261272691293546e-02
3.654650249963500852e-01
4.987425542835749459e-02
2.461709120766423509e-01
3.550261273463839462e-02
3.654650250593720617e-01
4.987425543958831642e-02
2.461709120894169378e-01
3.550261273621059532e-02
3.654650250761264929e-01
4.987425544167034541e-02
2.417381877497470910e-01
3.415533846897751691e-02
3.564232108817405043e-01
4.758014193899976624e-02
2.465248329187322840e-01
3.541905659071666046e-02
3.653926008930942215e-01
4.968208401663427864e-02
2.465248329200288302e-01
3.541905659094199410e-02
3.653926008947011028e-01
4.968208401695122650e-02
2.465248329337277056e-01
3.541905659266843254e-02
3.653926009122424046e-01
4.968208401900751914e-02
2.465248329189739240e-01
3.541905659076318574e-02
3.653926008934724190e-01
4.968208401670549945e-02
2.465248330222717388e-01
3.541905661083872420e-02
3.653926010550277437e-01
4.968208404731507682e-02
2.465248328799045374e-01
3.541905658359729286e-02
3.653926008341860099e-01
4.968208400604925967e-02
2.465248329211340295e-01
3.541905659106081572e-02
3.653926008953243820e-01
4.968208401691590753e-02
2.465248329339604638e-01
3.541905659263858142e-02
3.653926009121395424e-01
4.968208401900288396e-02
2.163162805052538107e-01
2.909340810084202339e-02
3.153749342871418615e-01
3.949748935325494981e-02
2.459233165915546970e-01
3.523487222428985099e-02
3.641831611067913865e-01
4.937422356180978800e-02
2.459233165928466081e-01
3.523487222451402584e-02
3.641831611083867215e-01
4.937422356212383540e-02
2.459233166065601939e-01
3.523487222624156062e-02
3.641831611259458978e-01
4.937422356418100927e-02
2.459233165917753816e-01
3.523487222433226845e-02
3.641831611071369434e-01
4.937422356187481931e-02
2.459233167001249609e-01
3.523487224533353168e-02
3.641831612766103232e-01
4.937422359394912780e-02
2.459233165538557975e-01
3.523487221739983466e-02
3.641831610495963045e-01
4.937422355154798964e-02
2.459233165939579135e-01
3.523487222463361768e-02
3.641831611090208809e-01
4.937422356209063279e-02
2.459233166067975318e-01
3.523487222621235482e-02
3.641831611258475321e-01
4.937422356417697084e-02
2.472362413974837636e-01
3.533842445158123097e-02
3.655728379948483542e-01
4.945754585017057836e-02
2.472362413987775065e-01
3.533842445180544745e-02
3.655728379964412467e-01
4.945754585048371677e-02
2.472362414125610364e-01
3.533842445354118400e-02
3.655728380140892408e-01
4.945754585255035529e-02
2.472362413976890716e-01
3.533842445162061613e-02
3.655728379951696527e-01
4.945754585023104388e-02
2.472362415117650980e-01
3.533842447368504974e-02
3.655728381736146893e-01
4.945754588397387880e-02
2.472362413603412801e-01
3.533842444481032768e-02
3.655728379384973192e-01
4.945754584007227422e-02
2.472362413998984709e-01
3.533842445192614951e-02
3.655728379970867303e-01
4.945754585045203378e-02
2.472362414128029540e-01
3.533842445351235984e-02
3.655728380139939282e-01
4.945754585254676788e-02
2.492320732157006502e-01
3.560861982018995869e-02
3.681819927362758316e-01
4.981256621357711689e-02
2.492320732170005548e-01
3.560861982041521601e-02
3.681819927378761070e-01
4.981256621389167777e-02
2.492320732308499209e-01
3.560861982215921678e-02
3.681819927556085892e-01
4.981256621596818340e-02
2.492320732158986862e-01
3.560861982022793526e-02
3.681819927365857503e-01
4.981256621363542442e-02
2.492320733357678009e-01
3.560861984339212111e-02
3.681819929241024192e-01
4.981256624907370173e-02
2.492320731782223520e-01
3.560861981336393978e-02
3.681819926794109854e-01
4.981256620339259700e-02
2.492320732181268483e-01
3.560861982053649399e-02
3.681819927385249214e-01
4.981256621385988376e-02
2.492320732310931153e-01
3.560861982213028160e-02
3.681819927555129435e-01
4.981256621596460987e-02
2.496487900473229327e-01
3.570074058118090365e-02
3.689161531436267460e-01
4.996658628926105294e-02
2.496487900486254463e-01
3.570074058140670914e-02
3.689161531452329612e-01
4.996658628957693221e-02
2.496487900624736744e-01
3.570074058315084869e-02
3.689161531629645552e-01
4.996658629165384724e-02
2.496487900475146127e-01
3.570074058121766591e-02
3.689161531439268393e-01
4.996658628931746615e-02
2.496487901737330373e-01
3.570074060559683127e-02
3.689161533413866101e-01
4.996658632661334087e-02
2.496487900093456447e-01
3.570074057426555342e-02
3.689161530859965121e-01
4.996658627894370874e-02
2.496487900497493251e-01
3.570074058152769569e-02
3.689161531458770571e-01
4.996658628954417369e-02
2.496487900627149259e-01
3.570074058312163595e-02
3.689161531628669666e-01
4.996658629165003085e-02
2.225443977305733290e-01
3.065946846983412521e-02
3.272652016683724185e-01
4.228502573540472709e-02
2.489982334663524421e-01
3.558505394804375305e-02
3.679768318497992907e-01
4.980266775443969313e-02
2.489982334676522913e-01
3.558505394826900342e-02
3.679768318514010650e-01
4.980266775475452462e-02
2.489982334814866693e-01
3.558505395001120009e-02
3.679768318691145068e-01
4.980266775682906655e-02
2.489982334665320762e-01
3.558505394807816302e-02
3.679768318500805102e-01
4.980266775449253974e-02
2.489982335994447016e-01
3.558505397371503759e-02
3.679768320580273366e-01
4.980266779374004776e-02
2.489982334287180743e-01
3.558505394120105303e-02
3.679768317926855326e-01
4.980266774422335146e-02
2.489982334687761145e-01
3.558505394838999691e-02
3.679768318520465487e-01
4.980266775472228652e-02
2.489982334817285869e-01
3.558505394998216775e-02
3.679768318690181395e-01
4.980266775682540975e-02
2.470970112535648411e-01
3.529576382554326652e-02
3.654328651444804232e-01
4.941919764300727741e-02
2.470970112548584730e-01
3.529576382576730953e-02
3.654328651460736488e-01
4.941919764332025622e-02
2.470970112686355358e-01
3.529576382750209546e-02
3.654328651637138159e-01
4.941919764538601351e-02
2.470970112537204666e-01
3.529576382557303438e-02
3.654328651447241172e-01
4.941919764305303248e-02
2.470970114039980070e-01
3.529576385448440073e-02
3.654328653798734061e-01
4.941919768736608570e-02
2.470970112164448396e-01
3.529576381881200514e-02
3.654328650881365492e-01
4.941919763294509022e-02
2.470970112559782161e-01
3.529576382588787975e-02
3.654328651467177447e-01
4.941919764328847609e-02
2.470970112688771758e-01
3.529576382747332680e-02
3.654328651636185588e-01
4.941919764538250243e-02
2.463385326549852594e-01
3.526574733119487715e-02
3.648460546348105682e-01
4.945133730150082924e-02
2.463385326562792799e-01
3.526574733141921852e-02
3.648460546364098445e-01
4.945133730181542481e-02
2.463385326699993327e-01
3.526574733314743332e-02
3.648460546539781801e-01
4.945133730387387544e-02
2.463385326551283949e-01
3.526574733122223027e-02
3.648460546350345557e-01
4.945133730154284424e-02
2.463385328235674632e-01
3.526574736360028883e-02
3.648460548986288132e-01
4.945133735116132023e-02
2.463385326170865197e-01
3.526574732432425502e-02
3.648460545772674868e-01
4.945133729123230709e-02
2.463385326573895862e-01
3.526574733153869240e-02
3.648460546370413948e-01
4.945133730178175729e-02
2.463385326702360600e-01
3.526574733311819282e-02
3.648460546538792038e-01
4.945133730386987170e-02
2.484724675526065740e-01
3.570469418327600064e-02
3.683455463977111100e-01
5.014557061172491420e-02
2.484724675539117245e-01
3.570469418350273594e-02
3.683455463993337564e-01
5.014557061204495680e-02
2.484724675676452110e-01
3.570469418523376792e-02
3.683455464169212434e-01
5.014557061410757077e-02
2.484724675527497650e-01
3.570469418330339539e-02
3.683455463979351530e-01
5.014557061176696390e-02
2.484724677341846322e-01
3.570469421820639949e-02
3.683455466818772450e-01
5.014557066519024359e-02
2.484724675126880611e-01
3.570469417602677858e-02
3.683455463370827743e-01
5.014557060090447244e-02
2.484724675550148421e-01
3.570469418362126612e-02
3.683455463999489310e-01
5.014557061200774352e-02
2.484724675678752770e-01
3.570469418520344496e-02
3.683455464168148286e-01
5.014557061410264416e-02
2.417197764829159268e-01
3.442937948772580026e-02
3.579505118063955327e-01
4.821915247105253849e-02
2.473738922226527415e-01
3.549850325578850913e-02
3.666809501396229298e-01
4.983993423697428288e-02
2.473738922239530347e-01
3.549850325601422441e-02
3.666809501412365280e-01
4.983993423729222300e-02
2.473738922376689797e-01
3.549850325774264043e-02
3.666809501588010889e-01
4.983993423935150630e-02
2.473738922227836368e-01
3.549850325581353078e-02
3.666809501398279880e-01
4.983993423701268272e-02
2.473738924158281061e-01
3.549850329289297446e-02
3.666809504419583088e-01
4.983993429382029688e-02
2.473738921834812143e-01
3.549850324868792512e-02
3.666809500801284649e-01
4.983993422636539411e-02
2.473738922250573458e-01
3.549850325613294194e-02
3.666809501418563100e-01
4.983993423725616156e-02
2.473738922379010718e-01
3.549850325771271992e-02
3.666809501586972275e-01
4.983993423934689887e-02
1.919786011049786356e-01
2.525147242565247557e-02
2.804635241953814528e-01
3.369904450674356816e-02
2.451394473761143444e-01
3.507414454605989329e-02
3.632355681392225311e-01
4.919907659752412177e-02
2.451394473774043681e-01
3.507414454628342282e-02
3.632355681408163117e-01
4.919907659783743364e-02
2.451394473910888105e-01
3.507414454800698855e-02
3.632355681583392948e-01
4.919907659989043031e-02
2.451394473762300574e-01
3.507414454608197979e-02
3.632355681394038305e-01
4.919907659755808071e-02
2.451394475814385743e-01
3.507414458541097818e-02
3.632355684605943491e-01
4.919907665790914514e-02
2.451394473385776485e-01
3.507414453927539671e-02
3.632355680822160204e-01
4.919907658737045220e-02
2.451394473785122041e-01
3.507414454640263302e-02
3.632355681414471960e-01
4.919907659780411308e-02
2.451394473913254823e-01
3.507414454797792847e-02
3.632355681582410400e-01
4.919907659988654453e-02
2.473033691522129873e-01
3.543153232253614532e-02
3.663333585929983149e-01
4.971079753328347395e-02
2.473033691535114764e-01
3.543153232276133324e-02
3.663333585946061399e-01
4.971079753359992220e-02
2.473033691672459067e-01
3.543153232449163664e-02
3.663333586121937935e-01
4.971079753566120391e-02
2.473033691523361111e-01
3.543153232255965429e-02
3.663333585931911607e-01
4.971079753331960477e-02
2.473033693528627341e-01
3.543153236103233766e-02
3.663333589070436602e-01
4.971079759230959821e-02
2.473033691136611034e-01
3.543153231555823401e-02
3.663333585344471510e-01
4.971079752284903591e-02
2.473033691546202284e-01
3.543153232288059201e-02
3.663333585952329163e-01
4.971079753356510977e-02
2.473033691674807466e-01
3.543153232446207002e-02
3.663333586120924301e-01
4.971079753565692955e-02
2.477103765207832875e-01
3.548279163034434580e-02
3.668447001975134181e-01
4.977453655172947578e-02
2.477103765220828591e-01
3.548279163056972108e-02
3.668447001991221312e-01
4.977453655204611138e-02
2.477103765358324161e-01
3.548279163230189798e-02
3.668447002167292692e-01
4.977453655410959271e-02
2.477103765209056063e-01
3.548279163036770906e-02
3.668447001977049315e-01
4.977453655176538455e-02
2.477103767229197617e-01
3.548279166912090415e-02
3.668447005138870121e-01
4.977453661119038419e-02
2.477103764822098375e-01
3.548279162336362424e-02
3.668447001389294471e-01
4.977453654128993765e-02
2.477103765231930543e-01
3.548279163068913250e-02
3.668447001997501844e-01
4.977453655201139610e-02
2.477103765360678111e-01
3.548279163227232441e-02
3.668447002166279614e-01
4.977453655410535999e-02
2.493984456067986077e-01
3.547445945793080424e-02
3.679414640802429748e-01
4.957931275549160022e-02
2.488052048070558131e-01
3.557792967677263218e-02
3.680285501779911317e-01
4.985874472013523268e-02
2.488052048083571333e-01
3.557792967699810460e-02
3.680285501795986236e-01
4.985874472045125766e-02
2.488052048221628676e-01
3.557792967873692203e-02
3.680285501972769269e-01
4.985874472252239259e-02
2.488052048071702771e-01
3.557792967679447582e-02
3.680285501781704327e-01
4.985874472016883080e-02
2.488052050199157372e-01
3.557792971755766032e-02
3.680285505111623445e-01
4.985874478272820515e-02
2.488052047688788793e-01
3.557792966987423366e-02
3.680285501200112330e-01
4.985874470980981854e-02
2.488052048094748503e-01
3.557792967711839033e-02
3.680285501802352810e-01
4.985874472041767341e-02
2.488052048224017043e-01
3.557792967870762602e-02
3.680285501971780060e-01
4.985874472251848599e-02
2.488875997984674737e-01
3.555722163846266465e-02
3.680009788101635260e-01
4.981011490959999510e-02
2.488875997997682388e-01
3.555722163868791502e-02
3.680009788117683533e-01
4.981011490991528456e-02
2.488875998135876011e-01
3.555722164042821737e-02
3.680009788294639206e-01
4.981011491198806401e-02
2.488875997985750266e-01
3.555722163848316908e-02
3.680009788103318358e-01
4.981011490963152544e-02
2.488876000224933271e-01
3.555722168134727718e-02
3.680009791608255254e-01
4.981011497545315830e-02
2.488875997606024015e-01
3.555722163162824273e-02
3.680009787526568599e-01
4.981011489936418984e-02
2.488875998008886481e-01
3.555722163880852688e-02
3.680009788124090075e-01
4.981011490988237339e-02
2.488875998138281309e-01
3.555722164039910871e-02
3.680009788293663320e-01
4.981011491198434477e-02
2.485877141379538025e-01
3.556034496821496027e-02
3.678337060177492290e-01
4.985281875176141714e-02
2.485877141392550393e-01
3.556034496844045351e-02
3.678337060193577757e-01
4.985281875207773356e-02
2.485877141530467849e-01
3.556034497017760559e-02
3.678337060370185374e-01
4.985281875414703662e-02
2.485877141380594402e-01
3.556034496823510388e-02
3.678337060179145968e-01
4.985281875179239236e-02
2.485877143699921077e-01
3.556034501263752312e-02
3.678337063809606344e-01
4.985281881995375780e-02
2.485877140996254064e-01
3.556034496129411443e-02
3.678337059595322978e-01
4.985281874139985137e-02
2.485877141403705637e-01
3.556034496856048943e-02
3.678337060199918795e-01
4.985281875204375379e-02
2.485877141532845114e-01
3.556034497014822632e-02
3.678337060369187839e-01
4.985281875414303288e-02
2.213897578978205327e-01
3.098881687060215523e-02
3.283054812706810432e-01
4.318749622167823710e-02
2.477972190304773559e-01
3.546952346840757248e-02
3.669061683579178945e-01
4.975308062493882799e-02
2.477972190317770385e-01
3.546952346863282285e-02
3.669061683595258860e-01
4.975308062525511665e-02
2.477972190455342838e-01
3.546952347036578385e-02
3.669061683771428495e-01
4.975308062731956943e-02
2.477972190305776368e-01
3.546952346842668219e-02
3.669061683580748801e-01
4.975308062496821421e-02
2.477972192758340353e-01
3.546952351536005604e-02
3.669061687419907791e-01
4.975308069701802477e-02
2.477972189920528978e-01
3.546952346147125984e-02
3.669061682995494733e-01
4.975308061455369774e-02
2.477972190328883995e-01
3.546952346875237999e-02
3.669061683601554935e-01
4.975308062522068586e-02
2.477972190457704005e-01
3.546952347033633518e-02
3.669061683770423188e-01
4.975308062731545466e-02
2.476025613673601411e-01
3.546819665318644288e-02
3.667857041310521038e-01
4.977463099612259440e-02
2.476025613686599625e-01
3.546819665341181815e-02
3.667857041326621492e-01
4.977463099643944511e-02
2.476025613824001659e-01
3.546819665514282932e-02
3.667857041502575188e-01
4.977463099850175376e-02
2.476025613674577297e-01
3.546819665320503911e-02
3.667857041312047595e-01
4.977463099615117570e-02
2.476025616219520442e-01
3.546819670190090590e-02
3.667857045295902507e-01
4.977463107089744043e-02
2.476025613286648441e-01
3.546819664620071838e-02
3.667857040722674045e-01
4.977463098566487637e-02
2.476025613697684646e-01
3.546819665353102835e-02
3.667857041332878154e-01
4.977463099640438982e-02
2.476025613826347282e-01
3.546819665511322106e-02
3.667857041501557114e-01
4.977463099849745859e-02
2.468066504099818981e-01
3.536785419977816342e-02
3.658146779108235602e-01
4.965667561196970142e-02
2.468066504112796933e-01
3.536785420000322644e-02
3.658146779124322179e-01
4.965667561228633703e-02
2.468066504249881443e-01
3.536785420173032407e-02
3.658146779299872309e-01
4.965667561434407296e-02
2.468066504100720482e-01
3.536785419979533024e-02
3.658146779109645585e-01
4.965667561199609004e-02
2.468066506856712305e-01
3.536785425249312081e-02
3.658146783424088833e-01
4.965667569290188599e-02
2.468066503712795234e-01
3.536785419279528386e-02
3.658146778520226516e-01
4.965667560151410670e-02
2.468066504123847538e-01
3.536785420012205500e-02
3.658146779130546644e-01
4.965667561225099030e-02
2.468066504252214854e-01
3.536785420170068112e-02
3.658146779298849793e-01
4.965667561433972921e-02
2.288476778301875569e-01
3.215005806687497303e-02
3.387403210225841121e-01
4.483021553581265084e-02
2.461920791629028660e-01
3.526973151103420662e-02
3.649577380598165721e-01
4.952007339846779127e-02
2.461920791641985518e-01
3.526973151125881167e-02
3.649577380614217881e-01
4.952007339878364972e-02
2.461920791778909601e-01
3.526973151298380682e-02
3.649577380789562064e-01
4.952007340083883907e-02
2.461920791629888527e-01
3.526973151105057547e-02
3.649577380599511867e-01
4.952007339849297252e-02
2.461920794491547215e-01
3.526973156574176455e-02
3.649577385079478820e-01
4.952007348248265578e-02
2.461920791244399664e-01
3.526973150409841440e-02
3.649577380013783734e-01
4.952007338807969811e-02
2.461920791653028073e-01
3.526973151137758472e-02
3.649577380620446232e-01
4.952007339874861525e-02
2.461920791781245510e-01
3.526973151295428877e-02
3.649577380788545655e-01
4.952007340083458553e-02
2.471339383676557921e-01
3.544436272747900074e-02
3.664156446553575863e-01
4.978727609256752146e-02
2.471339383689556413e-01
3.544436272770452173e-02
3.664156446569712400e-01
4.978727609288529504e-02
2.471339383826612057e-01
3.544436272943150140e-02
3.664156446745229223e-01
4.978727609494312117e-02
2.471339383677403911e-01
3.544436272749511979e-02
3.664156446554900914e-01
4.978727609259228637e-02
2.471339386661351722e-01
3.544436278453026723e-02
3.664156451226395217e-01
4.978727618015248851e-02
2.471339383285061919e-01
3.544436272041644187e-02
3.664156445958697828e-01
4.978727608199330634e-02
2.471339383700584535e-01
3.544436272782306580e-02
3.664156446575893011e-01
4.978727609284911565e-02
2.471339383828928260e-01
3.544436272940160865e-02
3.664156446744188944e-01
4.978727609493856232e-02
2.473259471287746203e-01
3.545465448888722448e-02
3.666048900721146642e-01
4.979146424593191428e-02
2.473259471300747192e-01
3.545465448911271078e-02
3.666048900737277072e-01
4.979146424624947276e-02
2.473259471437917467e-01
3.545465449084101578e-02
3.666048900912941000e-01
4.979146424830883932e-02
2.473259471288538069e-01
3.545465448890230964e-02
3.666048900722388426e-01
4.979146424595511794e-02
2.473259474461131091e-01
3.545465454950313261e-02
3.666048905689374138e-01
4.979146433902336549e-02
2.473259470897452295e-01
3.545465448185158852e-02
3.666048900128083265e-01
4.979146423539404509e-02
2.473259471311791413e-01
3.545465448923144913e-02
3.666048900743478778e-01
4.979146424621358480e-02
2.473259471440242274e-01
3.545465449081122017e-02
3.666048900911906827e-01
4.979146424830436374e-02
2.346443449170334261e-01
3.294694079584177537e-02
3.463265224789013330e-01
4.587551509589155724e-02
2.471044376801851405e-01
3.540181891019569121e-02
3.662162770280733559e-01
4.970628963606819883e-02
2.471044376814839350e-01
3.540181891042086526e-02
3.662162770296834013e-01
4.970628963638501485e-02
2.471044376952017396e-01
3.540181891214910781e-02
3.662162770472505158e-01
4.970628963844419407e-02
2.471044376802608855e-01
3.540181891021011024e-02
3.662162770281919832e-01
4.970628963609038942e-02
2.471044380086000747e-01
3.540181897289639695e-02
3.662162775422467820e-01
4.970628973239390319e-02
2.471044376414306409e-01
3.540181890321395658e-02
3.662162769691850728e-01
4.970628962560736525e-02
2.471044376825895783e-01
3.540181891053975627e-02
3.662162770303058479e-01
4.970628963634964037e-02
2.471044376954352195e-01
3.540181891211945792e-02
3.662162770471480977e-01
4.970628963843985726e-02
1.963864570973272716e-01
2.579469693046786138e-02
2.858901767405950811e-01
3.434428990457414482e-02
2.457000513974998412e-01
3.511140556658563089e-02
3.639270262985536686e-01
4.925098681309851567e-02
2.466981922974648411e-01
3.531500071338701530e-02
3.655434368718872840e-01
4.956934979016005410e-02
2.466981922987614151e-01
3.531500071361171056e-02
3.655434368734926665e-01
4.956934979047578071e-02
2.466981923124772214e-01
3.531500071533946739e-02
3.655434368910568388e-01
4.956934979253423829e-02
2.466981922975371444e-01
3.531500071340078900e-02
3.655434368720006377e-01
4.956934979018123855e-02
2.466981926360587996e-01
3.531500077799604176e-02
3.655434374020058996e-01
4.956934988945859571e-02
2.466981922591158505e-01
3.531500070648339873e-02
3.655434368136170065e-01
4.956934977981178325e-02
2.466981922998685572e-01
3.531500071373080279e-02
3.655434368741185547e-01
4.956934979044112094e-02
2.466981923127120335e-01
3.531500071531004648e-02
3.655434368909559750e-01
4.956934979253009577e-02
2.486671390809934712e-01
3.563630769240146851e-02
3.683694504682877291e-01
5.003276949660178524e-02
2.486671390822978167e-01
3.563630769262765563e-02
3.683694504699059902e-01
5.003276949692032211e-02
2.486671390960584760e-01
3.563630769436144929e-02
3.683694504875284492e-01
5.003276949898625287e-02
2.486671390810650251e-01
3.563630769241508262e-02
3.683694504683998061e-01
5.003276949662272682e-02
2.486671394354872389e-01
3.563630776005793227e-02
3.683694510233081476e-01
5.003276960054292566e-02
2.486671390417191096e-01
3.563630768532752291e-02
3.683694504086045818e-01
5.003276948600265256e-02
2.486671390834055695e-01
3.563630769274676868e-02
3.683694504705279371e-01
5.003276949688432312e-02
2.486671390962917338e-01
3.563630769433155654e-02
3.683694504874247544e-01
5.003276949898179116e-02
2.485719354029275463e-01
3.562548181091543253e-02
3.682535412677483411e-01
5.001987315771642961e-02
2.486504687941763214e-01
3.563453172526511586e-02
3.683496990053721776e-01
5.003075704518884781e-02
2.486639806131932251e-01
3.563597602978332141e-02
3.683657301717548904e-01
5.003239811141106663e-02
2.486665310278682317e-01
3.563624402530977953e-02
3.683687350873492417e-01
5.003269837515287449e-02
2.486670216563895142e-01
3.563629540414268992e-02
3.683693123481963094e-01
5.003275577601410534e-02
2.486671163907791249e-01
3.563630531817043451e-02
3.683694237802048743e-01
5.003276684586867307e-02
2.486671346960045992e-01
3.563630723357990443e-02
3.683694453107358435e-01
5.003276898435499859e-02
2.486671382335566560e-01
3.563630760373061312e-02
3.683694494715481493e-01
5.003276939760641084e-02
2.486671389172189772e-01
3.563630767526507204e-02
3.683694502756592049e-01
5.003276947747008901e-02
2.486671390493426781e-01
3.563630768908970792e-02
3.683694504310606743e-01
5.003276949290442338e-02
2.486671390748775301e-01
3.563630769176153595e-02
3.683694504610943166e-01
5.003276949588732897e-02
2.486671390761819034e-01
3.563630769198772308e-02
3.683694504627126887e-01
5.003276949620587971e-02
2.486671390899425904e-01
3.563630769372151674e-02
3.683694504803350922e-01
5.003276949827181741e-02
2.486671390749491672e-01
3.563630769177515006e-02
3.683694504612063381e-01
5.003276949590829137e-02
2.486671394293713533e-01
3.563630775941799972e-02
3.683694510161148461e-01
5.003276959982849714e-02
2.486671390356032241e-01
3.563630768468759036e-02
3.683694504014111692e-01
5.003276948528820323e-02
2.486671390772897117e-01
3.563630769210682919e-02
3.683694504633345246e-01
5.003276949616988073e-02
2.486671390901758205e-01
3.563630769369163787e-02
3.683694504802313419e-01
5.003276949826734182e-02
2.460275230012080316e-01
3.521564812616864715e-02
3.645912733963063701e-01
4.942387120783996862e-02
2.485729138695982887e-01
3.563857435357661863e-02
3.683094094236551430e-01
5.004562867928556008e-02
2.486772232198391497e-01
3.564414735961653896e-02
3.684108977197704804e-01
5.004757745604650893e-02
2.486733888119123104e-01
3.563925428156088787e-02
3.683868532319491407e-01
5.003811829300393310e-02
2.486692947772286000e-01
3.563724309965405485e-02
3.683751024416029307e-01
5.003445236511836619e-02
2.486678106601863947e-01
3.563659283508904818e-02
3.683711840986465536e-01
5.003328121660794575e-02
2.486673427458619134e-01
3.563639362523116777e-02
3.683699738730252249e-01
5.003292360045824561e-02
2.486672003630231165e-01
3.563633350249319209e-02
3.683696077562828020e-01
5.003281577224377719e-02
2.486671574749932945e-01
3.563631543642323957e-02
3.683694976660439879e-01
5.003278338047727897e-02
2.486671445952026438e-01
3.563631001489446504e-02
3.683694646216441604e-01
5.003277366070700560e-02
2.486671407307192161e-01
3.563630838855888494e-02
3.683694547084520599e-01
5.003277074507043315e-02
2.486671407320235894e-01
3.563630838878507900e-02
3.683694547100702654e-01
5.003277074538897695e-02
2.486671407457843597e-01
3.563630839051887961e-02
3.683694547276927800e-01
5.003277074745492159e-02
2.486671407307907700e-01
3.563630838857250599e-02
3.683694547085640814e-01
5.003277074509137473e-02
2.486671410852128172e-01
3.563630845621530013e-02
3.683694552634720343e-01
5.003277084901152499e-02
2.486671406914448823e-01
3.563630838148493934e-02
3.683694546487689125e-01
5.003277073447129353e-02
2.486671407331313977e-01
3.563630838890419900e-02
3.683694547106922679e-01
5.003277074535297103e-02
2.486671407460175343e-01
3.563630839048898685e-02
3.683694547275889741e-01
5.003277074745043906e-02
2.485528171602668923e-01
3.561711159432613683e-02
3.682032199751292811e-01
5.000482892494337306e-02
2.485528171615707382e-01
3.561711159455224068e-02
3.682032199767467096e-01
5.000482892526173645e-02
2.485528171753290105e-01
3.561711159628570128e-02
3.682032199943660600e-01
5.000482892732727863e-02
2.485528171603382797e-01
3.561711159433974400e-02
3.682032199752411361e-01
5.000482892496430076e-02
2.485528175145305940e-01
3.561711166193661654e-02
3.682032205297895988e-01
5.000482902881737274e-02
2.485528171210515669e-01
3.561711158726319632e-02
3.682032199155362284e-01
5.000482891436034555e-02
2.485528171626785465e-01
3.561711159467135374e-02
3.682032199773690451e-01
5.000482892522582767e-02
2.485528171755623794e-01
3.561711159625585016e-02
3.682032199942625317e-01
5.000482892732281692e-02
2.485387851879581333e-01
3.561539654266324129e-02
3.681859363326212553e-01
5.000276364720120797e-02
2.485387851892619238e-01
3.561539654288933127e-02
3.681859363342385727e-01
5.000276364751957831e-02
2.485387852030196687e-01
3.561539654462273635e-02
3.681859363518572015e-01
5.000276364958502334e-02
2.485387851880295207e-01
3.561539654267684152e-02
3.681859363327331103e-01
5.000276364722211486e-02
2.485387855422195591e-01
3.561539661027340875e-02
3.681859368872779648e-01
5.000276375107451377e-02
2.485387851487428079e-01
3.561539653560027996e-02
3.681859362730280361e-01
5.000276363661818047e-02
2.485387851903697043e-01
3.561539654300844432e-02
3.681859363348607972e-01
5.000276364748366259e-02
2.485387852032530098e-01
3.561539654459287829e-02
3.681859363517536732e-01
5.000276364958057551e-02
2.485248174979698688e-01
3.561403914131502230e-02
3.681704340770396988e-01
5.000145217173444789e-02
2.485248174992736869e-01
3.561403914154111922e-02
3.681704340786571272e-01
5.000145217205280435e-02
2.485248175130307380e-01
3.561403914327443410e-02
3.681704340962748123e-01
5.000145217411816612e-02
2.485248174980413116e-01
3.561403914132862947e-02
3.681704340771514983e-01
5.000145217175535478e-02
2.485248178522434237e-01
3.561403920892781266e-02
3.681704346317153376e-01
5.000145227561118844e-02
2.485248174587506020e-01
3.561403913425128381e-02
3.681704340174405399e-01
5.000145216115030322e-02
2.485248175003813842e-01
3.561403914166021839e-02
3.681704340792791852e-01
5.000145217201687475e-02
2.485248175132640513e-01
3.561403914324457604e-02
3.681704340961712285e-01
5.000145217411370441e-02
2.485214717367799364e-01
3.561373540166327956e-02
3.681668248015175782e-01
5.000118355230263184e-02
2.485230265817946760e-01
3.561387655533378160e-02
3.681685021052403251e-01
5.000130838455768556e-02
2.485230265830984664e-01
3.561387655555987158e-02
3.681685021068576424e-01
5.000130838487605589e-02
2.485230265968554619e-01
3.561387655729317953e-02
3.681685021244753830e-01
5.000130838694139684e-02
2.485230265818661466e-01
3.561387655534738184e-02
3.681685021053522355e-01
5.000130838457860633e-02
2.485230269360701461e-01
3.561387662294697443e-02
3.681685026599190169e-01
5.000130848843498121e-02
2.485230265425747709e-01
3.561387654826991822e-02
3.681685020456401114e-01
5.000130837397336742e-02
2.485230265842061359e-01
3.561387655567897076e-02
3.681685021074797559e-01
5.000130838484011936e-02
2.485230265970887198e-01
3.561387655726332147e-02
3.681685021243717437e-01
5.000130838693694207e-02
2.484996890939497605e-01
3.561157769904332165e-02
3.681424499150006135e-01
4.999905129532360160e-02
2.485195656888359028e-01
3.561353563348917256e-02
3.681646386019427619e-01
5.000097365266092247e-02
2.485212472684981133e-01
3.561370128038734290e-02
3.681665158008772254e-01
5.000113629181126423e-02
2.485212472698018760e-01
3.561370128061343288e-02
3.681665158024946538e-01
5.000113629212963456e-02
2.485212472835587882e-01
3.561370128234672694e-02
3.681665158201122279e-01
5.000113629419496164e-02
2.485212472685695562e-01
3.561370128040093619e-02
3.681665158009891359e-01
5.000113629183217112e-02
2.485212476227749712e-01
3.561370134800084103e-02
3.681665163555581377e-01
5.000113639568896234e-02
2.485212472292777086e-01
3.561370127332338931e-02
3.681665157412762901e-01
5.000113628122681425e-02
2.485212472709095732e-01
3.561370128073253205e-02
3.681665158031168228e-01
5.000113629209369803e-02
2.485212472837921016e-01
3.561370128231687582e-02
3.681665158200086441e-01
5.000113629419050687e-02
2.485211873998282028e-01
3.561368843268426093e-02
3.681664151477669900e-01
5.000111571228532670e-02
2.485212397336950263e-01
3.561369966343293225e-02
3.681665031331273763e-01
5.000113370176433730e-02
2.485212458565013993e-01
3.561370097737552587e-02
3.681665134269834772e-01
5.000113580644517663e-02
2.485212467478755405e-01
3.561370116866272723e-02
3.681665149255902159e-01
5.000113611285014054e-02
2.485212472149668506e-01
3.561370126889963628e-02
3.681665157108787723e-01
5.000113627341018496e-02
2.485212472631449787e-01
3.561370127923857432e-02
3.681665157918774800e-01
5.000113628997115284e-02
2.485212472658214489e-01
3.561370127981294820e-02
3.681665157963772694e-01
5.000113629089119466e-02
2.485212472671597950e-01
3.561370128010015595e-02
3.681665157986273029e-01
5.000113629135122945e-02
2.485212472678289819e-01
3.561370128024374943e-02
3.681665157997522919e-01
5.000113629158126072e-02
2.485212472684312224e-01
3.561370128037298632e-02
3.681665158007647598e-01
5.000113629178826180e-02
2.485212472684646678e-01
3.561370128038016808e-02
3.681665158008209926e-01
5.000113629179975955e-02
2.485212472684547036e-01
3.561370128037873867e-02
3.681665158008118333e-01
5.000113629179860769e-02
2.485212472697585495e-01
3.561370128060484253e-02
3.681665158024292062e-01
5.000113629211697108e-02
2.485212472835154340e-01
3.561370128233812965e-02
3.681665158200467802e-01
5.000113629418229816e-02
2.485212472685262020e-01
3.561370128039234584e-02
3.681665158009237437e-01
5.000113629181953540e-02
2.485212476227316170e-01
3.561370134799225068e-02
3.681665163554927456e-01
5.000113639567629886e-02
2.485212472292343544e-01
3.561370127331479202e-02
3.681665157412108424e-01
5.000113628121415771e-02
2.485212472837486919e-01
3.561370128230827853e-02
3.681665158199431964e-01
5.000113629417785033e-02
2.485061975921511734e-01
3.561078513480250146e-02
3.681427391838986707e-01
4.999663007980909707e-02
2.485197422093937958e-01
3.561340964736210701e-02
3.681641379959901816e-01
5.000068564397727039e-02
2.485210967616343913e-01
3.561367211689249468e-02
3.681662780188983963e-01
5.000109122675026191e-02
2.485211778415637729e-01
3.561368782763151691e-02
3.681664061150256018e-01
5.000111550386247827e-02
2.485211778428675355e-01
3.561368782785760689e-02
3.681664061166430302e-01
5.000111550418085554e-02
2.485211778566244478e-01
3.561368782959090096e-02
3.681664061342606042e-01
5.000111550624618262e-02
2.485211778416352435e-01
3.561368782764511715e-02
3.681664061151374567e-01
5.000111550388341292e-02
2.485211781958404365e-01
3.561368789524498035e-02
3.681664066697061810e-01
5.000111560774012781e-02
2.485211778023434792e-01
3.561368782056757026e-02
3.681664060554247775e-01
5.000111549327806298e-02
2.485211778568577057e-01
3.561368782956104290e-02
3.681664061341569649e-01
5.000111550624172785e-02
2.485232422635321459e-01
3.561395006478382252e-02
3.681689972328008320e-01
5.000144046397313191e-02
2.485232422648359363e-01
3.561395006500991250e-02
3.681689972344182604e-01
5.000144046429150224e-02
2.485232422785928486e-01
3.561395006674321351e-02
3.681689972520358900e-01
5.000144046635683626e-02
2.485232422636035055e-01
3.561395006479742276e-02
3.681689972329127425e-01
5.000144046399405268e-02
2.485232426178096143e-01
3.561395013239742474e-02
3.681689977874826325e-01
5.000144056785101737e-02
2.485232422243117134e-01
3.561395005771986200e-02
3.681689971731997857e-01
5.000144045338869581e-02
2.485232422788261619e-01
3.561395006671334851e-02
3.681689972519322507e-01
5.000144046635238843e-02
2.485231403131241412e-01
3.561392901631332125e-02
3.681688298692051831e-01
5.000140718506817378e-02
2.485231403144279039e-01
3.561392901653941123e-02
3.681688298708225560e-01
5.000140718538655105e-02
2.485231403281848994e-01
3.561392901827271917e-02
3.681688298884402410e-01
5.000140718745187812e-02
2.485231403131955563e-01
3.561392901632692148e-02
3.681688298693171491e-01
5.000140718508909454e-02
2.485231406674012211e-01
3.561392908392685408e-02
3.681688304238864839e-01
5.000140728894594822e-02
2.485231402739037920e-01
3.561392900924937460e-02
3.681688298096044143e-01
5.000140717448373767e-02
2.485231403284181573e-01
3.561392901824285417e-02
3.681688298883366572e-01
5.000140718744741641e-02
2.483206929463867563e-01
3.557103717192298259e-02
3.678311436601045536e-01
4.993298570228982269e-02
2.485028697474381543e-01
3.560963462064215684e-02
3.681350209869512780e-01
4.999455760442213931e-02
2.485211129982634881e-01
3.561349952463246926e-02
3.681654485783636410e-01
5.000072215267836045e-02
2.485225986531240661e-01
3.561381426435571845e-02
3.681679264531695361e-01
5.000122415771494910e-02
2.485225986544278565e-01
3.561381426458180843e-02
3.681679264547869090e-01
5.000122415803334025e-02
2.485225986681847965e-01
3.561381426631511637e-02
3.681679264724045941e-01
5.000122416009867427e-02
2.485225986531955367e-01
3.561381426436931869e-02
3.681679264532813911e-01
5.000122415773587681e-02
2.485225990073991476e-01
3.561381433196883495e-02
3.681679270078475064e-01
5.000122426159214761e-02
2.485225986139043552e-01
3.561381425729188976e-02
3.681679263935694335e-01
5.000122414713069341e-02
2.485225986684180821e-01
3.561381426628525831e-02
3.681679264723010103e-01
5.000122416009421950e-02
2.485228180532486619e-01
3.561386014907987757e-02
3.681682894845583198e-01
5.000129702565898893e-02
2.485228180545524246e-01
3.561386014930597449e-02
3.681682894861756927e-01
5.000129702597736620e-02
2.485228180683093646e-01
3.561386015103926855e-02
3.681682895037933778e-01
5.000129702804270021e-02
2.485228180533200770e-01
3.561386014909347780e-02
3.681682894846702858e-01
5.000129702567991663e-02
2.485228184075244928e-01
3.561386021669316754e-02
3.681682900392376778e-01
5.000129712953640948e-02
2.485228180140285625e-01
3.561386014201600725e-02
3.681682894249580507e-01
5.000129701507465690e-02
2.485228180685426780e-01
3.561386015100941049e-02
3.681682895036898495e-01
5.000129702803824544e-02
2.485228331071574204e-01
3.561389764772941724e-02
3.681684815404996924e-01
5.000137511777639349e-02
2.485228331084611830e-01
3.561389764795551416e-02
3.681684815421170098e-01
5.000137511809477769e-02
2.485228331222181786e-01
3.561389764968881516e-02
3.681684815597347504e-01
5.000137512016011171e-02
2.485228331072288077e-01
3.561389764774302441e-02
3.681684815406116584e-01
5.000137511779731425e-02
2.485228334614346946e-01
3.561389771534299864e-02
3.681684820951812709e-01
5.000137522165422344e-02
2.485228330679369879e-01
3.561389764066545671e-02
3.681684814808987016e-01
5.000137510719195738e-02
2.485228331224514087e-01
3.561389764965896404e-02
3.681684815596311111e-01
5.000137512015565694e-02
2.485227547963297645e-01
3.561385864561024406e-02
3.681682418740573337e-01
5.000130096757597620e-02
2.485227948558126065e-01
3.561387859700152619e-02
3.681683644744778161e-01
5.000133889886197031e-02
2.485228124448196074e-01
3.561388735705941361e-02
3.681684183046943781e-01
5.000135555333787285e-02
2.485228124461235089e-01
3.561388735728551053e-02
3.681684183063118065e-01
5.000135555365623624e-02
2.485228124598803934e-01
3.561388735901881153e-02
3.681684183239293251e-01
5.000135555572158413e-02
2.485228124448911335e-01
3.561388735707302078e-02
3.681684183048062331e-01
5.000135555335877974e-02
2.485228127990966318e-01
3.561388742467293950e-02
3.681684188593754570e-01
5.000135565721560565e-02
2.485228124055992860e-01
3.561388734999548084e-02
3.681684182450935539e-01
5.000135554275344368e-02
2.485228124601137067e-01
3.561388735898896041e-02
3.681684183238257968e-01
5.000135555571711549e-02
2.485220501246057923e-01
3.561365607498642727e-02
3.681668072974696448e-01
5.000094947715830879e-02
2.485226108999874783e-01
3.561382621028639367e-02
3.681679923831351342e-01
5.000124819443500096e-02
2.485227181190151624e-01
3.561385873954665826e-02
3.681682189676225847e-01
5.000130530794894695e-02
2.485227606767544672e-01
3.561387165114963255e-02
3.681683089041883350e-01
5.000132797758690545e-02
2.485227606780582577e-01
3.561387165137572253e-02
3.681683089058057079e-01
5.000132797790528272e-02
2.485227606918152532e-01
3.561387165310903047e-02
3.681683089234233375e-01
5.000132797997060979e-02
2.485227606768259101e-01
3.561387165116322584e-02
3.681683089043001900e-01
5.000132797760781928e-02
2.485227610310311031e-01
3.561387171876306129e-02
3.681683094588688587e-01
5.000132808146453417e-02
2.485227606375343123e-01
3.561387164408571365e-02
3.681683088445876773e-01
5.000132796700253179e-02
2.485227606920484833e-01
3.561387165307916547e-02
3.681683089233197537e-01
5.000132797996614809e-02
6.562169167498776989e-02
1.192298494353857645e-02
1.352049453997458128e-01
1.961452248838923759e-02
6.562169167537403036e-02
1.192298494361963140e-02
1.352049454005108953e-01
1.961452248856433364e-02
6.562169167637522948e-02
1.192298494377882524e-02
1.352049454018488250e-01
1.961452248877810708e-02
6.562169167503598133e-02
1.192298494354817294e-02
1.352049453998213635e-01
1.961452248840317436e-02
6.562169191412700608e-02
1.192298499126190001e-02
1.352049457744037841e-01
1.961452255761380464e-02
6.562169165075792954e-02
1.192298493876148280e-02
1.352049453624413478e-01
1.961452248167245421e-02
6.562169167520960633e-02
1.192298494359714418e-02
1.352049454000517070e-01
1.961452248845776958e-02
6.766185755287335269e+03
8.021151862553599130e+03
1.001349373631082199e+04
9.873360103136621547e+03
1.822178469452858707e+01
4.202572373233191882e+00
2.844520383246848994e+01
5.829060751868644807e+00
3.469870305019340795e-01
6.877027798294461924e-02
5.758159723390443574e-01
1.017243244610534225e-01
1.153151051763819795e-01
2.187173606968590561e-02
2.130488679961487775e-01
3.402986663751189633e-02
1.153151051770281293e-01
2.187173606982175528e-02
2.130488679974281985e-01
3.402986663780505766e-02
1.153151051787089931e-01
2.187173607008910045e-02
2.130488679996733192e-01
3.402986663816347929e-02
1.153151051765168716e-01
2.187173606971285975e-02
2.130488679963600529e-01
3.402986663755097618e-02
1.153151055776456130e-01
2.187173615024664078e-02
2.130488686246682639e-01
3.402986675412423417e-02
1.153151051084795736e-01
2.187173605621723499e-02
2.130488678916506728e-01
3.402986661861581025e-02
1.153151051767543483e-01
2.187173606978428525e-02
2.130488679966616172e-01
3.402986663762689462e-02
1.170633628301108453e-01
2.168888691407812319e-02
2.140980813646612413e-01
3.382915403904260959e-02
1.170633628308643537e-01
2.168888691422864515e-02
2.140980813659819904e-01
3.382915403933849791e-02
1.170633628345779248e-01
2.168888691475185510e-02
2.140980813708777963e-01
3.382915403998882492e-02
1.170633628302340523e-01
2.168888691410252381e-02
2.140980813648538095e-01
3.382915403907819918e-02
1.170633632248665595e-01
2.168888699263986364e-02
2.140980819818329439e-01
3.382915415346256227e-02
1.170633627673016708e-01
2.168888690180894793e-02
2.140980812682537759e-01
3.382915402169715119e-02
1.170633628308194729e-01
2.168888691422092563e-02
2.140980813654696502e-01
3.382915403918578673e-02
2.115381923437268108e-01
3.221395506170808554e-02
3.287010418467622985e-01
4.518171395451476419e-02
2.115381923449199675e-01
3.221395506191834096e-02
3.287010418482423368e-01
4.518171395481938857e-02
2.115381923570570921e-01
3.221395506350144960e-02
3.287010418641219678e-01
4.518171395667828355e-02
2.115381923438027223e-01
3.221395506172255313e-02
3.287010418468799822e-01
4.518171395453646905e-02
2.115381927078793523e-01
3.221395513134697047e-02
3.287010424112425389e-01
4.518171405889227776e-02
2.115381923027668531e-01
3.221395505422347538e-02
3.287010417845903643e-01
4.518171394356380877e-02
2.115381923458280466e-01
3.221395506203451886e-02
3.287010418487932850e-01
4.518171395477402208e-02
2.433423773412324576e-01
3.603357819561676251e-02
3.680760886788699837e-01
4.931081570291138277e-02
2.433423773425034409e-01
3.603357819583757199e-02
3.680760886803772780e-01
4.931081570321729779e-02
2.433423773561447234e-01
3.603357819760989039e-02
3.680760886982181179e-01
4.931081570529187441e-02
2.433423773413002644e-01
3.603357819562960640e-02
3.680760886789751218e-01
4.931081570293077698e-02
2.433423776995444487e-01
3.603357826360410049e-02
3.680760892333578282e-01
4.931081580540482706e-02
2.433423773041877569e-01
3.603357818893227621e-02
3.680760886227575357e-01
4.931081569306582785e-02
2.433423773435822168e-01
3.603357819597593353e-02
3.680760886811191290e-01
4.931081570319129082e-02
2.433220208058281542e-01
3.602953694607500396e-02
3.680437900560722952e-01
4.930458992705727406e-02
2.433220208070990820e-01
3.602953694629577874e-02
3.680437900575792565e-01
4.930458992736313356e-02
2.433220208207401980e-01
3.602953694806807633e-02
3.680437900754199299e-01
4.930458992943766855e-02
2.433220208058959333e-01
3.602953694608783397e-02
3.680437900561771558e-01
4.930458992707664745e-02
2.433220211640731157e-01
3.602953701404878334e-02
3.680437906104548351e-01
4.930459002953117148e-02
2.433220207688011061e-01
3.602953693939379282e-02
3.680437899999863260e-01
4.930458991721647227e-02
2.433220208081778857e-01
3.602953694643414723e-02
3.680437900583211075e-01
4.930458992733716128e-02
2.433277388589522860e-01
3.603016759490284410e-02
3.680506132991297474e-01
4.930520157208675286e-02
2.433277388602232694e-01
3.603016759512362582e-02
3.680506133006367087e-01
4.930520157239262624e-02
2.433277388738646629e-01
3.603016759689595117e-02
3.680506133184776596e-01
4.930520157446719592e-02
2.433277388590201207e-01
3.603016759491567411e-02
3.680506132992347190e-01
4.930520157210611931e-02
2.433277392171936393e-01
3.603016766287579775e-02
3.680506138535063476e-01
4.930520167455956781e-02
2.433277388219267090e-01
3.603016758822191051e-02
3.680506132430459987e-01
4.930520156224634659e-02
2.433277388613020731e-01
3.603016759526200125e-02
3.680506133013786152e-01
4.930520157236666090e-02
2.433267424023333458e-01
3.603009810706717109e-02
3.680496044344908624e-01
4.930518607593511321e-02
2.433267424036043292e-01
3.603009810728795281e-02
3.680496044359978791e-01
4.930518607624097271e-02
2.433267424172456950e-01
3.603009810906027122e-02
3.680496044538386635e-01
4.930518607831554240e-02
2.433267424024012360e-01
3.603009810708000110e-02
3.680496044345957785e-01
4.930518607595447966e-02
2.433267427605771971e-01
3.603009817504064516e-02
3.680496049888715149e-01
4.930518617840864981e-02
2.433267423653069916e-01
3.603009810038609179e-02
3.680496043784060034e-01
4.930518606609448490e-02
2.433267424046831329e-01
3.603009810742632130e-02
3.680496044367397301e-01
4.930518607621500043e-02
2.432745939072035180e-01
3.602543606177488478e-02
3.679922338634102341e-01
4.930206330688659266e-02
2.433215262422475378e-01
3.602963170460688619e-02
3.680438656165708200e-01
4.930487356697988571e-02
2.433248575614444242e-01
3.602992957212707015e-02
3.680475307248755046e-01
4.930507314799922880e-02
2.433257214571628302e-01
3.603000681793910864e-02
3.680484811853113603e-01
4.930512490670132392e-02
2.433257214584338135e-01
3.603000681815989037e-02
3.680484811868183770e-01
4.930512490700719036e-02
2.433257214720750683e-01
3.603000681993219489e-02
3.680484812046591614e-01
4.930512490908175310e-02
2.433257214572306371e-01
3.603000681795193866e-02
3.680484811854164429e-01
4.930512490672069037e-02
2.433257218154083190e-01
3.603000688591292966e-02
3.680484817396945663e-01
4.930512500917532542e-02
2.433257214201359209e-01
3.603000681125792526e-02
3.680484811292257241e-01
4.930512489686054989e-02
2.433257214595126172e-01
3.603000681829825191e-02
3.680484811875603390e-01
4.930512490698121114e-02
2.433254907777391007e-01
3.602994304313813373e-02
3.680480350200844297e-01
4.930501383111796782e-02
2.433254907790100563e-01
3.602994304335892239e-02
3.680480350215914465e-01
4.930501383142382038e-02
2.433254907926513388e-01
3.602994304513122692e-02
3.680480350394322864e-01
4.930501383349839006e-02
2.433254907778069354e-01
3.602994304315097068e-02
3.680480350201894013e-01
4.930501383113733427e-02
2.433254911359829520e-01
3.602994311111163556e-02
3.680480355744651932e-01
4.930501393359153217e-02
2.433254907407126633e-01
3.602994303645704055e-02
3.680480349639994042e-01
4.930501382127731175e-02
2.433254907800888600e-01
3.602994304349727700e-02
3.680480350223333530e-01
4.930501383139785504e-02
2.433250747358572108e-01
3.602988482288878302e-02
3.680474835771754272e-01
4.930494152755605236e-02
2.433250747371281664e-01
3.602988482310958557e-02
3.680474835786824439e-01
4.930494152786191880e-02
2.433250747507694212e-01
3.602988482488188315e-02
3.680474835965232283e-01
4.930494152993647461e-02
2.433250747359249899e-01
3.602988482290162692e-02
3.680474835772803988e-01
4.930494152757542575e-02
2.433250750941008123e-01
3.602988489086225016e-02
3.680474841315558021e-01
4.930494163002952651e-02
2.433250746988308566e-01
3.602988481620771066e-02
3.680474835210904572e-01
4.930494151771542405e-02
2.433250747382069701e-01
3.602988482324794017e-02
3.680474835794243504e-01
4.930494152783593959e-02
2.433245502674849792e-01
3.602980526556466556e-02
3.680467609419110220e-01
4.930483648799641183e-02
2.433245502687559625e-01
3.602980526578546117e-02
3.680467609434179832e-01
4.930483648830227827e-02
2.433245502823971618e-01
3.602980526755775181e-02
3.680467609612587676e-01
4.930483649037684102e-02
2.433245502675527860e-01
3.602980526557750252e-02
3.680467609420159936e-01
4.930483648801579216e-02
2.433245506257279700e-01
3.602980533353800086e-02
3.680467614962903977e-01
4.930483659046971945e-02
2.433245502304586527e-01
3.602980525888360014e-02
3.680467608858262185e-01
4.930483647815581821e-02
2.433245502698347384e-01
3.602980526592381577e-02
3.680467609441600563e-01
4.930483648827631987e-02
2.433109595145349913e-01
3.602781039933543317e-02
3.680283325384680060e-01
4.930226497286890885e-02
2.433210138899084829e-01
3.602928619191424209e-02
3.680419657846111248e-01
4.930416736749249768e-02
2.433210138911793552e-01
3.602928619213503075e-02
3.680419657861180305e-01
4.930416736779835718e-02
2.433210139048204990e-01
3.602928619390731446e-02
3.680419658039587039e-01
4.930416736987289911e-02
2.433210138899762343e-01
3.602928619192707210e-02
3.680419657847160964e-01
4.930416736751187801e-02
2.433210142481480043e-01
3.602928625988692513e-02
3.680419663389852269e-01
4.930416746996481997e-02
2.433210138528829336e-01
3.602928618523331544e-02
3.680419657285275425e-01
4.930416735765209835e-02
2.433210138922581867e-01
3.602928619227339230e-02
3.680419657868600480e-01
4.930416736777238490e-02
2.431284655350965385e-01
3.600151994430614982e-02
3.677830919732938963e-01
4.926885366229694085e-02
2.433017550371527893e-01
3.602650898911394922e-02
3.680160730138751779e-01
4.930063526467687307e-02
2.433179912997061323e-01
3.602885032246128799e-02
3.680379020310280969e-01
4.930361301992926965e-02
2.433199068445093260e-01
3.602912655159326571e-02
3.680404774056432737e-01
4.930396433371363879e-02
2.433205327095907811e-01
3.602921680381118708e-02
3.680413188566133975e-01
4.930407911830430451e-02
2.433207911501159837e-01
3.602925407195609747e-02
3.680416663197274563e-01
4.930412651668230478e-02
2.433209079309222034e-01
3.602927091220977512e-02
3.680418233269250328e-01
4.930414793445640070e-02
2.433209628346081621e-01
3.602927882953822075e-02
3.680418971427695252e-01
4.930415800387428354e-02
2.433209891413626036e-01
3.602928262307614898e-02
3.680419325111654594e-01
4.930416282857228577e-02
2.433210018523942197e-01
3.602928445605712432e-02
3.680419496006470670e-01
4.930416515979443859e-02
2.433210080159449729e-01
3.602928534486549150e-02
3.680419578872983766e-01
4.930416629019884062e-02
2.433210080172159284e-01
3.602928534508628017e-02
3.680419578888052268e-01
4.930416629050469318e-02
2.433210080308569612e-01
3.602928534685857082e-02
3.680419579066459557e-01
4.930416629257922817e-02
2.433210080160127242e-01
3.602928534487832152e-02
3.680419578874033482e-01
4.930416629021821401e-02
2.433210083741845220e-01
3.602928541283817454e-02
3.680419584416724788e-01
4.930416639267114903e-02
2.433210079789193403e-01
3.602928533818457180e-02
3.680419578312148499e-01
4.930416628035844823e-02
2.433210080182946766e-01
3.602928534522464865e-02
3.680419578895472443e-01
4.930416629047871396e-02
2.433213398176317377e-01
3.602934831603635951e-02
3.680424714147441656e-01
4.930426123347486644e-02
2.433213398189026933e-01
3.602934831625713430e-02
3.680424714162510713e-01
4.930426123378071207e-02
2.433213398325438093e-01
3.602934831802943882e-02
3.680424714340916892e-01
4.930426123585524706e-02
2.433213398176996278e-01
3.602934831604918953e-02
3.680424714148490262e-01
4.930426123349421902e-02
2.433213401758723693e-01
3.602934838400922296e-02
3.680424719691197666e-01
4.930426133594745935e-02
2.433213397806060219e-01
3.602934830935539817e-02
3.680424713586602503e-01
4.930426122363440467e-02
2.433213398199814970e-01
3.602934831639551666e-02
3.680424714169929779e-01
4.930426123375475367e-02
2.433267201488497899e-01
3.603040047757940373e-02
3.680509369617939730e-01
4.930587077504637594e-02
2.433227160473182271e-01
3.602961744724210436e-02
3.680446368089816400e-01
4.930467293676303597e-02
2.433227160485891827e-01
3.602961744746289302e-02
3.680446368104885457e-01
4.930467293706890242e-02
2.433227160622303265e-01
3.602961744923518367e-02
3.680446368283292746e-01
4.930467293914343740e-02
2.433227160473860617e-01
3.602961744725494131e-02
3.680446368090865561e-01
4.930467293678240936e-02
2.433227164055631053e-01
3.602961751521585598e-02
3.680446373633641244e-01
4.930467303923690564e-02
2.433227160102913733e-01
3.602961744056093485e-02
3.680446367528960039e-01
4.930467292692228970e-02
2.433227160496680141e-01
3.602961744760125457e-02
3.680446368112305633e-01
4.930467293704292320e-02
2.433226215959938543e-01
3.602959864575979582e-02
3.680444867217600446e-01
4.930464393559631092e-02
2.433226215972648931e-01
3.602959864598058448e-02
3.680444867232669504e-01
4.930464393590217737e-02
2.433226216109060092e-01
3.602959864775286819e-02
3.680444867411075127e-01
4.930464393797671929e-02
2.433226215960617167e-01
3.602959864577262583e-02
3.680444867218648497e-01
4.930464393561568431e-02
2.433226219542385105e-01
3.602959871373348499e-02
3.680444872761419184e-01
4.930464403807009038e-02
2.433226215589670283e-01
3.602959863907864019e-02
3.680444866656744640e-01
4.930464392575555077e-02
2.433226215983436691e-01
3.602959864611894603e-02
3.680444867240088014e-01
4.930464393587620509e-02
2.433225271447605476e-01
3.602957984429589616e-02
3.680443366346804468e-01
4.930461493445596755e-02
2.433225813762692757e-01
3.602959063962078712e-02
3.680444228108848415e-01
4.930463158617726105e-02
2.433225994837147910e-01
3.602959424408915673e-02
3.680444515843958042e-01
4.930463714604708253e-02
2.433225994849857465e-01
3.602959424430994539e-02
3.680444515859027654e-01
4.930463714635294897e-02
2.433225994986268070e-01
3.602959424608223604e-02
3.680444516037434943e-01
4.930463714842749090e-02
2.433225994837825423e-01
3.602959424410198674e-02
3.680444515845007758e-01
4.930463714606646980e-02
2.433225998419592251e-01
3.602959431206283203e-02
3.680444521387775114e-01
4.930463724852084811e-02
2.433225994466879372e-01
3.602959423740799416e-02
3.680444515283102791e-01
4.930463713620633626e-02
2.433225994860644947e-01
3.602959424444830694e-02
3.680444515866446720e-01
4.930463714632697669e-02
2.433226102985041606e-01
3.602959595618664829e-02
3.680444668047680445e-01
4.930463947340255754e-02
2.433226102997750329e-01
3.602959595640743695e-02
3.680444668062750058e-01
4.930463947370841704e-02
2.433226103134161766e-01
3.602959595817972760e-02
3.680444668241156791e-01
4.930463947578296591e-02
2.433226102985719119e-01
3.602959595619948524e-02
3.680444668048730161e-01
4.930463947342192399e-02
2.433226106567485947e-01
3.602959602416033053e-02
3.680444673591498628e-01
4.930463957587630230e-02
2.433226102614773068e-01
3.602959594950548572e-02
3.680444667486825194e-01
4.930463946356182514e-02
2.433226103008538643e-01
3.602959595654579850e-02
3.680444668070169123e-01
4.930463947368245170e-02
2.433228531325993815e-01
3.602962941526976354e-02
3.680447863401600794e-01
4.930468049748805426e-02
2.433228531338702538e-01
3.602962941549055220e-02
3.680447863416670407e-01
4.930468049779391376e-02
2.433228531475114254e-01
3.602962941726284285e-02
3.680447863595077695e-01
4.930468049986846263e-02
2.433228531326671606e-01
3.602962941528259355e-02
3.680447863402651065e-01
4.930468049750740683e-02
2.433228534908440099e-01
3.602962948324346659e-02
3.680447868945421752e-01
4.930468059996184760e-02
2.433228530955724445e-01
3.602962940858860097e-02
3.680447862840746098e-01
4.930468048764729411e-02
2.433228531349490853e-01
3.602962941562891375e-02
3.680447863424090582e-01
4.930468049776792067e-02
2.433230509651492512e-01
3.602965731522704551e-02
3.680450495197190586e-01
4.930471536487737033e-02
2.433230509664201791e-01
3.602965731544783418e-02
3.680450495212260198e-01
4.930471536518323677e-02
2.433230509800613783e-01
3.602965731722012482e-02
3.680450495390667487e-01
4.930471536725777870e-02
2.433230509652170304e-01
3.602965731523988246e-02
3.680450495198240302e-01
4.930471536489675066e-02
2.433230513233940184e-01
3.602965738320077632e-02
3.680450500741013764e-01
4.930471546735120530e-02
2.433230509281223419e-01
3.602965730854587600e-02
3.680450494636334779e-01
4.930471535503663100e-02
2.433230509674990105e-01
3.602965731558620266e-02
3.680450495219679263e-01
4.930471536515726450e-02
2.433244178528601864e-01
3.602984477664778612e-02
3.680468442443078358e-01
4.930494431010410544e-02
2.433244178541311975e-01
3.602984477686857478e-02
3.680468442458147416e-01
4.930494431040997882e-02
2.433244178677723413e-01
3.602984477864087931e-02
3.680468442636554705e-01
4.930494431248453463e-02
2.433244178529280488e-01
3.602984477666061613e-02
3.680468442444128074e-01
4.930494431012348577e-02
2.433244182111058418e-01
3.602984484462165571e-02
3.680468447986911529e-01
4.930494441257816940e-02
2.433244178158331938e-01
3.602984476996658886e-02
3.680468441882219222e-01
4.930494430026332447e-02
2.433244178552099735e-01
3.602984477700693633e-02
3.680468442465567591e-01
4.930494431038399961e-02
2.433311815216195328e-01
3.603076402515143634e-02
3.680556877056856413e-01
4.930605835540500387e-02
2.433262451016842409e-01
3.603009311762181421e-02
3.680492333628047064e-01
4.930524527677845187e-02
2.433253576151589159e-01
3.602997249953371339e-02
3.680480729787331540e-01
4.930509909863270424e-02
2.433253576164298715e-01
3.602997249975450900e-02
3.680480729802401152e-01
4.930509909893857762e-02
2.433253576300710985e-01
3.602997250152680658e-02
3.680480729980810106e-01
4.930509910101313342e-02
2.433253576152267228e-01
3.602997249954654341e-02
3.680480729788382366e-01
4.930509909865208457e-02
2.433253579734049044e-01
3.602997256750766625e-02
3.680480735331174147e-01
4.930509920110689309e-02
2.433253575781318956e-01
3.602997249285250919e-02
3.680480729226472403e-01
4.930509908879190939e-02
2.433253576175086752e-01
3.602997249989286360e-02
3.680480729809821328e-01
4.930509909891259840e-02
2.433247405800015306e-01
3.602988710092122626e-02
3.680472593536253112e-01
4.930499400111022779e-02
2.433250662939222542e-01
3.602993218022805533e-02
3.680476888413491410e-01
4.930504947886772682e-02
2.433252154627038033e-01
3.602995282541616995e-02
3.680478855359202162e-01
4.930507488628412677e-02
2.433252871710346044e-01
3.602996274995902415e-02
3.680479800908207921e-01
4.930508710012249801e-02
2.433253224452001373e-01
3.602996763195756569e-02
3.680480266034808490e-01
4.930509310825221397e-02
2.433253399953219931e-01
3.602997006092130416e-02
3.680480497451438238e-01
4.930509609750530903e-02
2.433253487703143925e-01
3.602997127539368794e-02
3.680480613158848002e-01
4.930509759212016452e-02
2.433253531694223593e-01
3.602997188423696234e-02
3.680480671165666240e-01
4.930509834140538172e-02
2.433253553688540793e-01
3.602997218864167905e-02
3.680480700167463315e-01
4.930509871602717364e-02
2.433253564861783402e-01
3.602997234328108450e-02
3.680480714900547512e-01
4.930509890633726772e-02
2.433253570506686281e-01
3.602997242140738854e-02
3.680480722343939526e-01
4.930509900248497557e-02
6.562169167498685396e-02
1.192298494353833706e-02
1.352049453997445638e-01
1.961452248838896004e-02
6.562169167537311443e-02
1.192298494361939028e-02
1.352049454005096740e-01
1.961452248856404915e-02
6.562169167637432743e-02
1.192298494377858412e-02
1.352049454018475760e-01
1.961452248877782606e-02
6.562169167503509315e-02
1.192298494354793181e-02
1.352049453998200867e-01
1.961452248840288987e-02
6.562169191412607627e-02
1.192298499126166061e-02
1.352049457744025074e-01
1.961452255761352362e-02
6.562169165075702748e-02
1.192298493876124167e-02
1.352049453624400988e-01
1.961452248167217666e-02
6.766186302848390369e+03
8.021152491706012370e+03
1.001349454494341080e+04
9.873360877810851889e+03
1.822178499240811433e+01
4.202572434283489144e+00
2.844520428802800893e+01
5.829060841715880237e+00
3.469870328098269008e-01
6.877027839069117798e-02
5.758159758441294684e-01
1.017243251102168677e-01
1.153151103115822168e-01
2.187173709240099531e-02
2.130488760241677215e-01
3.402986812667008892e-02
1.153151103122284082e-01
2.187173709253684151e-02
2.130488760254471980e-01
3.402986812696323637e-02
1.153151103139092304e-01
2.187173709280419015e-02
2.130488760276923466e-01
3.402986812732167188e-02
1.153151103117171505e-01
2.187173709242794598e-02
2.130488760243791357e-01
3.402986812670916877e-02
1.153151107128458919e-01
2.187173717296172701e-02
2.130488766526872912e-01
3.402986824328241983e-02
1.153151102436798525e-01
2.187173707893232469e-02
2.130488759196697002e-01
3.402986810777400284e-02
1.170620988627926046e-01
2.168863528355043091e-02
2.140961049644836134e-01
3.382878754567759938e-02
1.170620988635461129e-01
2.168863528370095287e-02
2.140961049658042792e-01
3.382878754597349463e-02
1.170620988672596702e-01
2.168863528422416281e-02
2.140961049707001684e-01
3.382878754662382165e-02
1.170620988629157699e-01
2.168863528357482806e-02
2.140961049646762371e-01
3.382878754571319591e-02
1.170620992575449465e-01
2.168863536211149481e-02
2.140961055816500702e-01
3.382878766009658061e-02
1.170620987999845125e-01
2.168863527128147770e-02
2.140961048680778411e-01
3.382878752833245323e-02
2.115376368603388013e-01
3.221388760328109530e-02
3.287003502077088246e-01
4.518163973470792211e-02
2.115376368615319302e-01
3.221388760349135072e-02
3.287003502091888629e-01
4.518163973501254649e-02
2.115376368736690549e-01
3.221388760507444549e-02
3.287003502250683828e-01
4.518163973687143453e-02
2.115376368604146295e-01
3.221388760329554901e-02
3.287003502078264527e-01
4.518163973472961309e-02
2.115376372244913428e-01
3.221388767291997329e-02
3.287003507721890649e-01
4.518163983908543568e-02
2.115376368193787049e-01
3.221388759579645045e-02
3.287003501455366683e-01
4.518163972375694587e-02
2.433379049221427726e-01
3.603302812245175873e-02
3.680704985024602083e-01
4.931020923807868939e-02
2.433379049234138669e-01
3.603302812267257516e-02
3.680704985039672805e-01
4.931020923838461134e-02
2.433379049370549552e-01
3.603302812444485886e-02
3.680704985218079539e-01
4.931020924045915327e-02
2.433379049222106627e-01
3.603302812246460957e-02
3.680704985025652354e-01
4.931020923809806972e-02
2.433379052804550691e-01
3.603302819043919386e-02
3.680704990569482749e-01
4.931020934057223082e-02
2.433379048850978221e-01
3.603302811576718917e-02
3.680704984463469276e-01
4.931020922823303038e-02
2.433208169161136802e-01
3.602939207173719988e-02
3.680422994905847012e-01
4.930443386936640693e-02
2.433208169173846080e-01
3.602939207195798160e-02
3.680422994920916624e-01
4.930443386967226643e-02
2.433208169310256408e-01
3.602939207373025837e-02
3.680422995099322248e-01
4.930443387174678754e-02
2.433208169161814871e-01
3.602939207175002989e-02
3.680422994906896728e-01
4.930443386938576644e-02
2.433208172743587805e-01
3.602939213971102089e-02
3.680423000449675186e-01
4.930443397184034598e-02
2.433208168790864656e-01
3.602939206505595404e-02
3.680422994344985654e-01
4.930443385952555657e-02
2.433295228182024983e-01
3.603031653004665213e-02
3.680525287871259099e-01
4.930528459142071579e-02
2.433249008676681979e-01
3.602982573442987946e-02
3.680470980609932830e-01
4.930483294072469241e-02
2.433249008689391257e-01
3.602982573465067506e-02
3.680470980625001887e-01
4.930483294103055192e-02
2.433249008825804083e-01
3.602982573642297959e-02
3.680470980803410286e-01
4.930483294310510772e-02
2.433249008677360326e-01
3.602982573444271641e-02
3.680470980610983101e-01
4.930483294074405193e-02
2.433249012259099120e-01
3.602982580240295801e-02
3.680470986153707158e-01
4.930483304319761839e-02
2.433249008306422878e-01
3.602982572774889036e-02
3.680470980049090346e-01
4.930483293088418206e-02
2.433254124664510076e-01
3.602993776056273578e-02
3.680479564323177466e-01
4.930501298844696539e-02
2.433254124677219077e-01
3.602993776078353833e-02
3.680479564338247633e-01
4.930501298875283878e-02
2.433254124813632180e-01
3.602993776255583591e-02
3.680479564516655477e-01
4.930501299082738070e-02
2.433254124665187590e-01
3.602993776057557967e-02
3.680479564324228292e-01
4.930501298846632491e-02
2.433254128246948866e-01
3.602993782853625843e-02
3.680479569866985656e-01
4.930501309092052281e-02
2.433254124294244314e-01
3.602993775388162873e-02
3.680479563762326656e-01
4.930501297860628851e-02
2.433278148795509077e-01
3.603035163621216147e-02
3.680514870754494350e-01
4.930560560584589663e-02
2.433259395475302622e-01
3.603002856339081877e-02
3.680487310429751413e-01
4.930514300656398119e-02
2.433255988605436126e-01
3.602996987157890130e-02
3.680482303614164841e-01
4.930505896734321131e-02
2.433254866105711012e-01
3.602995053373021783e-02
3.680480653962417414e-01
4.930503127800022617e-02
2.433254432225376573e-01
3.602994305906301320e-02
3.680480016321781012e-01
4.930502057522628823e-02
2.433254254331479738e-01
3.602993999439853268e-02
3.680479754884772303e-01
4.930501618701604860e-02
2.433254179642727333e-01
3.602993870769916063e-02
3.680479645120445231e-01
4.930501434462600946e-02
2.433254148044309007e-01
3.602993816333786847e-02
3.680479598682673825e-01
4.930501356516978073e-02
2.433254134676766933e-01
3.602993793304874737e-02
3.680479579037423399e-01
4.930501323542500064e-02
2.433254128897689994e-01
3.602993783348979601e-02
3.680479570544357704e-01
4.930501309286924871e-02
2.433254126450533628e-01
3.602993779133143587e-02
3.680479566947959524e-01
4.930501303250382078e-02
