7.942035696128126876e-01
9.084161159543570063e-01
7.918620561889948561e-01
8.854227478496163872e-01
7.942035696128126876e-01
9.084161159543570063e-01
7.918620561889948561e-01
8.854227478496163872e-01
7.942035696219742480e-01
9.084161159583116207e-01
7.918620561969382798e-01
8.854227478521983219e-01
7.942035695976539245e-01
9.084161159476626946e-01
7.918620561744037500e-01
8.854227478425995557e-01
7.942035696148046497e-01
9.084161159552001097e-01
7.918620561906832833e-01
8.854227478501137671e-01
7.942035696148059820e-01
9.084161159552013309e-01
7.918620561906852817e-01
8.854227478501144333e-01
7.942035696152176527e-01
9.084161159546885189e-01
7.918620561863279894e-01
8.854227478463827516e-01
7.942035696126473754e-01
9.084161159542281094e-01
7.918620561889032627e-01
8.854227478494182124e-01
7.942035695975869780e-01
9.084161159474433145e-01
7.918620561744444952e-01
8.854227478426429654e-01
7.414244851935007929e-01
8.846907856623414945e-01
7.415666120893936730e-01
8.638511290453692038e-01
7.414244852023526011e-01
8.846907856662442615e-01
7.415666120970807462e-01
8.638511290479196081e-01
7.414244851788541757e-01
8.846907856557353345e-01
7.415666120752739676e-01
8.638511290384384145e-01
7.414244851953298854e-01
8.846907856631029965e-01
7.415666120907489223e-01
8.638511290456611924e-01
7.414244851954516768e-01
8.846907856631541778e-01
7.415666120908399606e-01
8.638511290456802882e-01
7.414244851945475112e-01
8.846907856635404244e-01
7.415666120953103846e-01
8.638511290503262385e-01
7.414244851933409208e-01
8.846907856622145960e-01
7.415666120893050772e-01
8.638511290451739155e-01
7.414244851787893387e-01
8.846907856555187299e-01
7.415666120753129364e-01
8.638511290384812691e-01
5.934724352336493425e-01
8.141287935728940273e-01
5.921222370131735691e-01
7.910160444232193777e-01
5.934724352415687854e-01
8.141287935766376993e-01
5.921222370200422969e-01
7.910160444256596479e-01
5.934724352205451581e-01
8.141287935665567632e-01
5.921222370005563285e-01
7.910160444165870164e-01
5.934724352324546315e-01
8.141287935720692426e-01
5.921222370104510802e-01
7.910160444208476083e-01
5.934724352320388530e-01
8.141287935717832491e-01
5.921222370095070575e-01
7.910160444199905161e-01
5.934724352500581057e-01
8.141287935816401422e-01
5.921222370343234287e-01
7.910160444374019217e-01
5.934724352335062347e-01
8.141287935727720138e-01
5.921222370130942991e-01
7.910160444230324162e-01
5.934724352204876485e-01
8.141287935663490405e-01
5.921222370005913005e-01
7.910160444166280946e-01
5.991587549238425181e-01
8.168924662659570179e-01
5.972158167794204831e-01
7.935655144505890934e-01
5.991587549317999306e-01
8.168924662697070183e-01
5.972158167863186318e-01
7.935655144530333605e-01
5.991587549106758281e-01
8.168924662596089847e-01
5.972158167667490636e-01
7.935655144439461850e-01
5.991587549226263798e-01
8.168924662651202429e-01
5.972158167766508097e-01
7.935655144481824630e-01
5.991587549222118225e-01
8.168924662648360258e-01
5.972158167757101177e-01
7.935655144473289235e-01
5.991587549406732771e-01
8.168924662749007526e-01
5.972158168011040269e-01
7.935655144650942683e-01
5.991587549236988552e-01
8.168924662658347824e-01
5.972158167793409911e-01
7.935655144504017988e-01
5.991587549106179855e-01
8.168924662594005959e-01
5.972158167667847017e-01
7.935655144439872632e-01
6.209169421968452340e-01
8.272593181953573627e-01
6.154772231005853911e-01
8.020418822571315776e-01
6.209169422049458653e-01
8.272593181991313438e-01
6.154772231075881228e-01
8.020418822595886121e-01
6.209169421834420666e-01
8.272593181889691394e-01
6.154772230877215700e-01
8.020418822504532530e-01
6.209169421954991996e-01
8.272593181944415397e-01
6.154772230975278369e-01
8.020418822544979065e-01
6.209169421950924139e-01
8.272593181941662044e-01
6.154772230966090163e-01
8.020418822536644621e-01
6.209169422165136121e-01
8.272593182056884320e-01
6.154772231258530679e-01
8.020418822738984987e-01
6.209169421966992397e-01
8.272593181952343500e-01
6.154772231005043448e-01
8.020418822569429507e-01
6.209169421833830027e-01
8.272593181887594183e-01
6.154772230877573191e-01
8.020418822504943313e-01
6.439357105593689345e-01
8.377257415252994388e-01
6.315912200210671568e-01
8.076593425625132605e-01
6.439357105676187798e-01
8.377257415290971787e-01
6.315912200281612598e-01
8.076593425649788438e-01
6.439357105457197417e-01
8.377257415188712475e-01
6.315912200080363581e-01
8.076593425558111772e-01
6.439357105577737661e-01
8.377257415242272964e-01
6.315912200174630398e-01
8.076593425594313924e-01
6.439357105573828566e-01
8.377257415239661720e-01
6.315912200165865187e-01
8.076593425586271469e-01
6.439357105852968610e-01
8.377257415387565631e-01
6.315912200541985433e-01
8.076593425843677787e-01
6.439357105592203867e-01
8.377257415251759820e-01
6.315912200209853333e-01
8.076593425623239675e-01
6.439357105456593455e-01
8.377257415186601941e-01
6.315912200080724404e-01
8.076593425558525885e-01
6.365324328211118265e-01
8.339797929205576832e-01
6.231923454940834217e-01
8.025189753798124270e-01
6.365324328293138212e-01
8.339797929243468744e-01
6.231923455011302293e-01
8.025189753822704608e-01
6.365324328075411264e-01
8.339797929141434807e-01
6.231923454811393315e-01
8.025189753731319930e-01
6.365324328194784664e-01
8.339797929194557868e-01
6.231923454903969262e-01
8.025189753766477363e-01
6.365324328190874459e-01
8.339797929191942183e-01
6.231923454895215153e-01
8.025189753758388278e-01
6.365324328483176197e-01
8.339797929347277927e-01
6.231923455288156388e-01
8.025189754028204669e-01
6.365324328209639448e-01
8.339797929204341154e-01
6.231923454940021534e-01
8.025189753796236891e-01
6.365324328074810634e-01
8.339797929139333155e-01
6.231923454811755247e-01
8.025189753731730713e-01
6.073157747695057118e-01
8.189073815450702565e-01
5.891068083857956550e-01
7.809293062520391571e-01
6.073157747775171922e-01
8.189073815488251418e-01
5.891068083926468413e-01
7.809293062544642172e-01
6.073157747562499820e-01
8.189073815387144517e-01
5.891068083732102778e-01
7.809293062454495393e-01
6.073157747677107032e-01
8.189073815438422388e-01
5.891068083817638801e-01
7.809293062485216375e-01
6.073157747673065820e-01
8.189073815435677917e-01
5.891068083808638223e-01
7.809293062476646563e-01
6.073157748027406821e-01
8.189073815626306541e-01
5.891068084280262074e-01
7.809293062805148233e-01
6.073157747693614938e-01
8.189073815449479099e-01
5.891068083857161630e-01
7.809293062518533057e-01
6.073157747561915842e-01
8.189073815385060628e-01
5.891068083732452498e-01
7.809293062454899514e-01
6.085729463156389629e-01
8.194803099316383399e-01
5.900575928407604254e-01
7.812818811311735834e-01
6.085729463236586589e-01
8.194803099353947795e-01
5.900575928476174958e-01
7.812818811335988656e-01
6.085729463023692443e-01
8.194803099252802037e-01
5.900575928281650562e-01
7.812818811245821893e-01
6.085729463138421780e-01
8.194803099304101002e-01
5.900575928367255418e-01
7.812818811276552866e-01
6.085729463134202932e-01
8.194803099301237737e-01
5.900575928357869593e-01
7.812818811267644437e-01
6.085729463491613700e-01
8.194803099493384035e-01
5.900575928833470263e-01
7.812818811598721824e-01
6.085729463154940788e-01
8.194803099315158823e-01
5.900575928406813775e-01
7.812818811309877320e-01
6.085729463023109576e-01
8.194803099250718148e-01
5.900575928282002502e-01
7.812818811246229345e-01
6.118823229750097736e-01
8.207815044794695147e-01
5.912523853602712487e-01
7.807296591328150015e-01
6.118823229830515631e-01
8.207815044832286189e-01
5.912523853671353136e-01
7.807296591352395065e-01
6.118823229617044168e-01
8.207815044731063825e-01
5.912523853476631119e-01
7.807296591262259389e-01
6.118823229731922275e-01
8.207815044782295066e-01
5.912523853561967302e-01
7.807296591292659516e-01
6.118823229726699786e-01
8.207815044778755675e-01
5.912523853550349928e-01
7.807296591281778220e-01
6.118823230106769095e-01
8.207815044982658126e-01
5.912523854055050654e-01
7.807296591632637561e-01
6.118823229748650006e-01
8.207815044793472792e-01
5.912523853601922008e-01
7.807296591326292612e-01
6.118823229616457970e-01
8.207815044728977716e-01
5.912523853476984170e-01
7.807296591262667951e-01
6.188489647348688338e-01
8.235163637841296236e-01
5.938111412756951202e-01
7.796358166611633278e-01
6.188489647429559204e-01
8.235163637878950560e-01
5.938111412825735069e-01
7.796358166635859455e-01
6.188489647214880929e-01
8.235163637777561663e-01
5.938111412630597830e-01
7.796358166545789281e-01
6.188489647330267518e-01
8.235163637828778471e-01
5.938111412715790793e-01
7.796358166575881876e-01
6.188489647322561460e-01
8.235163637823567084e-01
5.938111412698677816e-01
7.796358166560158898e-01
6.188489647750164968e-01
8.235163638052025448e-01
5.938111413264322014e-01
7.796358166952270796e-01
6.188489647347231726e-01
8.235163637840071660e-01
5.938111412756156282e-01
7.796358166609775875e-01
6.188489647214291400e-01
8.235163637775470002e-01
5.938111412630949770e-01
7.796358166546195623e-01
6.200397897602974995e-01
8.240378384167778014e-01
5.946305601304905375e-01
7.798913846299483366e-01
6.200397897683923576e-01
8.240378384205443441e-01
5.946305601373739202e-01
7.798913846323711763e-01
6.200397897469034358e-01
8.240378384104020126e-01
5.946305601178466516e-01
7.798913846233624936e-01
6.200397897584749574e-01
8.240378384155400138e-01
5.946305601264201268e-01
7.798913846264152738e-01
6.200397897576296335e-01
8.240378384149685820e-01
5.946305601245428507e-01
7.798913846246995352e-01
6.200397898008054298e-01
8.240378384380264709e-01
5.946305601816699316e-01
7.798913846642789860e-01
6.200397897601512831e-01
8.240378384166548997e-01
5.946305601304113786e-01
7.798913846297627073e-01
6.200397897468444830e-01
8.240378384101929576e-01
5.946305601178817346e-01
7.798913846234035718e-01
6.215461006672446942e-01
8.245940378554572625e-01
5.951840958560061789e-01
7.797203742285754302e-01
6.215461006753499884e-01
8.245940378592250264e-01
5.951840958628930034e-01
7.797203742309982699e-01
6.215461006538348654e-01
8.245940378490793643e-01
5.951840958433564088e-01
7.797203742219903644e-01
6.215461006655408349e-01
8.245940378543006322e-01
5.951840958522025549e-01
7.797203742252794001e-01
6.215461006643212549e-01
8.245940378534754034e-01
5.951840958494903910e-01
7.797203742228414614e-01
6.215461007087310641e-01
8.245940378772002033e-01
5.951840959083842808e-01
7.797203742636222845e-01
6.215461006670986999e-01
8.245940378553343608e-01
5.951840958559269090e-01
7.797203742283893568e-01
6.215461006537755795e-01
8.245940378488703093e-01
5.951840958433918249e-01
7.797203742220311096e-01
6.269927162301976997e-01
8.273775476112529281e-01
6.026437155302574178e-01
7.852545637081447261e-01
6.269927162383378549e-01
8.273775476150274644e-01
6.026437155371872079e-01
7.852545637105757814e-01
6.269927162167288071e-01
8.273775476048642608e-01
6.026437155175285998e-01
7.852545637015362345e-01
6.269927162290686029e-01
8.273775476104885396e-01
6.026437155277308833e-01
7.852545637059725747e-01
6.269927162260124920e-01
8.273775476084217484e-01
6.026437155209035668e-01
7.852545637000226675e-01
6.269927162694349798e-01
8.273775476317660749e-01
6.026437155798987089e-01
7.852545637409696910e-01
6.269927162300507062e-01
8.273775476111302485e-01
6.026437155301773707e-01
7.852545637079577645e-01
6.269927162166696322e-01
8.273775476046548727e-01
6.026437155175637939e-01
7.852545637015772018e-01
6.199014899183667993e-01
8.236623775486306975e-01
5.945633966769116041e-01
7.802736759367165931e-01
6.199014899264609912e-01
8.236623775523960189e-01
5.945633966837948758e-01
7.802736759391404320e-01
6.199014899049740679e-01
8.236623775422562410e-01
5.945633966642684953e-01
7.802736759301295288e-01
6.199014899173549420e-01
8.236623775479432474e-01
5.945633966746504129e-01
7.802736759347677076e-01
6.199014899135699697e-01
8.236623775453737473e-01
5.945633966662001724e-01
7.802736759274009337e-01
6.199014899589032623e-01
8.236623775698962424e-01
5.945633967281445109e-01
7.802736759706564440e-01
6.199014899182205829e-01
8.236623775485079069e-01
5.945633966768322232e-01
7.802736759365308528e-01
6.199014899049152261e-01
8.236623775420472970e-01
5.945633966643034674e-01
7.802736759301702740e-01
6.067679010313818955e-01
8.160575291670500997e-01
5.749760746046584936e-01
7.657390237806523947e-01
6.067679010393898231e-01
8.160575291707984347e-01
5.749760746114271903e-01
7.657390237830535851e-01
6.067679010181321608e-01
8.160575291607056192e-01
5.749760745922251060e-01
7.657390237741269479e-01
6.067679010304087850e-01
8.160575291663848541e-01
5.749760746024962232e-01
7.657390237787753406e-01
6.067679010255577765e-01
8.160575291630711714e-01
5.749760745917295024e-01
7.657390237693310064e-01
6.067679010792476069e-01
8.160575291923138908e-01
5.749760746647899490e-01
7.657390238207636424e-01
6.067679010312374555e-01
8.160575291669280862e-01
5.749760746045804449e-01
7.657390237804684308e-01
6.067679010180738741e-01
8.160575291604973414e-01
5.749760745922597449e-01
7.657390237741671379e-01
6.187237063142502214e-01
8.243207191974400994e-01
6.054460078257878353e-01
7.931460286363827272e-01
6.072938671504288788e-01
8.164412226919378623e-01
5.769883350739390959e-01
7.677653114227880327e-01
6.072938671584403592e-01
8.164412226956869745e-01
5.769883350807197830e-01
7.677653114251922206e-01
6.072938671371734820e-01
8.164412226855916055e-01
5.769883350614840589e-01
7.677653114162537040e-01
6.072938671495979879e-01
8.164412226913698722e-01
5.769883350720900195e-01
7.677653114211856478e-01
6.072938671438292690e-01
8.164412226874293577e-01
5.769883350592668325e-01
7.677653114099788345e-01
6.072938671967323954e-01
8.164412227163733160e-01
5.769883351321876130e-01
7.677653114615403673e-01
6.072938671502844388e-01
8.164412226918156268e-01
5.769883350738608252e-01
7.677653114226034026e-01
6.072938671371150843e-01
8.164412226853833277e-01
5.769883350615186979e-01
7.677653114162941161e-01
6.225242839997201516e-01
8.257903063417143530e-01
6.073957654260656591e-01
7.931821924323184669e-01
6.086676578153157324e-01
8.171747253453855997e-01
5.793119823935829471e-01
7.696372352944794715e-01
6.086676578233362056e-01
8.171747253491368213e-01
5.793119824003770679e-01
7.696372352968864350e-01
6.086676578020453476e-01
8.171747253390367893e-01
5.793119823811028191e-01
7.696372352879374823e-01
6.086676578145802097e-01
8.171747253448835568e-01
5.793119823919453681e-01
7.696372352930626048e-01
6.086676578080149058e-01
8.171747253404006983e-01
5.793119823773336119e-01
7.696372352803295680e-01
6.086676578606045052e-01
8.171747253692699386e-01
5.793119824506073323e-01
7.696372353323303050e-01
6.086676578151710704e-01
8.171747253452635862e-01
5.793119823935045654e-01
7.696372352942947304e-01
6.086676578019866168e-01
8.171747253388284005e-01
5.793119823811377911e-01
7.696372352879775613e-01
6.158483471014174482e-01
8.207831634093787354e-01
5.884285505966792007e-01
7.758618374712037413e-01
6.158483471094848838e-01
8.207831634131378395e-01
5.884285506035267233e-01
7.758618374736206968e-01
6.158483470880685706e-01
8.207831634030154921e-01
5.884285505841013730e-01
7.758618374646353288e-01
6.158483471008548982e-01
8.207831634089957085e-01
5.884285505954235385e-01
7.758618374701234943e-01
6.158483470922839764e-01
8.207831634031634849e-01
5.884285505763051649e-01
7.758618374535848350e-01
6.158483471445341806e-01
8.207831634320355008e-01
5.884285506510773534e-01
7.758618375070778228e-01
6.158483471012718979e-01
8.207831634092564999e-01
5.884285505966001528e-01
7.758618374710185561e-01
6.158483470880100619e-01
8.207831634028069923e-01
5.884285505841365671e-01
7.758618374646759630e-01
6.166985633564334712e-01
8.204953989313659157e-01
5.847696037355543108e-01
7.713111969566124326e-01
6.166985633645064580e-01
8.204953989351243537e-01
5.847696037423802951e-01
7.713111969590220607e-01
6.166985633430757119e-01
8.204953989250038937e-01
5.847696037230158961e-01
7.713111969500632270e-01
6.166985633558185187e-01
8.204953989309476947e-01
5.847696037341878483e-01
7.713111969554355962e-01
6.166985633471385730e-01
8.204953989250469704e-01
5.847696037149007209e-01
7.713111969387324018e-01
6.166985634043377074e-01
8.204953989565164640e-01
5.847696037957623716e-01
7.713111969963563075e-01
6.166985633562878100e-01
8.204953989312433471e-01
5.847696037354758181e-01
7.713111969564276915e-01
6.166985633430166480e-01
8.204953989247952828e-01
5.847696037230505350e-01
7.713111969501037501e-01
6.193181468504572740e-01
8.209731638625085148e-01
5.833504610230120235e-01
7.683020362299599615e-01
6.193181468585475802e-01
8.209731638662680631e-01
5.833504610298301252e-01
7.683020362323650376e-01
6.193181468370712039e-01
8.209731638561447165e-01
5.833504610104887078e-01
7.683020362234236345e-01
6.193181468498810682e-01
8.209731638621172722e-01
5.833504610217347119e-01
7.683020362288615068e-01
6.193181468396299350e-01
8.209731638551603927e-01
5.833504609990312062e-01
7.683020362092291000e-01
6.193181469026901587e-01
8.209731638898816186e-01
5.833504610884423514e-01
7.683020362730932362e-01
6.193181468503112796e-01
8.209731638623862793e-01
5.833504610229335308e-01
7.683020362297755534e-01
6.193181468370122511e-01
8.209731638559361055e-01
5.833504610105237909e-01
7.683020362234640466e-01
6.219555605125651754e-01
8.220353063690969408e-01
5.866015224621493607e-01
7.704813625165806146e-01
6.219555605206725790e-01
8.220353063728589316e-01
5.866015224689862251e-01
7.704813625189890214e-01
6.219555604991504616e-01
8.220353063627289236e-01
5.866015224495910729e-01
7.704813625100349617e-01
6.219555605121035446e-01
8.220353063687839690e-01
5.866015224611258461e-01
7.704813625157022061e-01
6.219555604991698905e-01
8.220353063600180921e-01
5.866015224324560018e-01
7.704813624909987446e-01
6.219555605642145268e-01
8.220353063961248763e-01
5.866015225268937927e-01
7.704813625591286907e-01
6.219555605124187370e-01
8.220353063689745943e-01
5.866015224620708679e-01
7.704813625163956514e-01
6.219555604990913977e-01
8.220353063625198686e-01
5.866015224496261560e-01
7.704813625100753738e-01
6.196886514613740848e-01
8.207405873189487222e-01
5.859152221501290336e-01
7.709546111321460282e-01
6.196886514694668335e-01
8.207405873227077153e-01
5.859152221569619012e-01
7.709546111345549901e-01
6.196886514479837960e-01
8.207405873125857010e-01
5.859152221375781844e-01
7.709546111255984879e-01
6.196886514610129293e-01
8.207405873187033629e-01
5.859152221493267865e-01
7.709546111314574679e-01
6.196886514447645933e-01
8.207405873076779601e-01
5.859152221132576388e-01
7.709546111004074165e-01
6.196886515116026839e-01
8.207405873452614520e-01
5.859152222131728260e-01
7.709546111735512408e-01
6.196886514612280905e-01
8.207405873188261536e-01
5.859152221500504298e-01
7.709546111319611761e-01
6.196886514479248431e-01
8.207405873123767570e-01
5.859152221376131564e-01
7.709546111256385670e-01
6.074292908591356621e-01
8.135857711744003407e-01
5.683065410582707200e-01
7.580932828089816944e-01
6.074292908671480307e-01
8.135857711781429025e-01
5.683065410650000038e-01
7.580932828113705613e-01
6.074292908458786000e-01
8.135857711680651860e-01
5.683065410459099409e-01
7.580932828024887771e-01
6.074292908587759499e-01
8.135857711741546483e-01
5.683065410574758003e-01
7.580932828082949104e-01
6.074292908405803937e-01
8.135857711617380250e-01
5.683065410172952747e-01
7.580932827734672141e-01
6.074292909155947218e-01
8.135857712041429934e-01
5.683065411287619995e-01
7.580932828555977387e-01
6.074292908589910001e-01
8.135857711742783271e-01
5.683065410581931154e-01
7.580932828087985076e-01
6.074292908458202023e-01
8.135857711678572413e-01
5.683065410459444688e-01
7.580932828025288561e-01
6.114594157599642088e-01
8.158410212016957708e-01
5.741393069034806951e-01
7.623781600420325155e-01
6.114594157680031117e-01
8.158410212054435506e-01
5.741393069102442848e-01
7.623781600444279327e-01
6.114594157466637370e-01
8.158410211953517344e-01
5.741393068910561892e-01
7.623781600355210575e-01
6.114594157596207058e-01
8.158410212014614027e-01
5.741393069027196372e-01
7.623781600413767068e-01
6.114594157411822328e-01
8.158410211889027819e-01
5.741393068619282669e-01
7.623781600061109165e-01
6.114594158143780156e-01
8.158410212303061071e-01
5.741393069715405861e-01
7.623781600869258268e-01
6.114594157598193247e-01
8.158410212015736462e-01
5.741393069034024244e-01
7.623781600418482185e-01
6.114594157466046731e-01
8.158410211951435675e-01
5.741393068910907171e-01
7.623781600355613586e-01
6.121907550605345527e-01
8.161488235374381173e-01
5.744750876896445035e-01
7.623514707027642112e-01
6.121907550685783406e-01
8.161488235411866743e-01
5.744750876964104247e-01
7.623514707051601835e-01
6.121907550472258652e-01
8.161488235310929706e-01
5.744750876772170001e-01
7.623514706962531973e-01
6.121907550601879411e-01
8.161488235372018618e-01
5.744750876888775615e-01
7.623514707021032955e-01
6.121907550417684529e-01
8.161488235246614487e-01
5.744750876481402591e-01
7.623514706668936824e-01
6.121907551153472626e-01
8.161488235662464064e-01
5.744750877581824566e-01
7.623514707479611685e-01
6.121907550603897796e-01
8.161488235373162148e-01
5.744750876895664549e-01
7.623514707025805803e-01
6.121907550471670234e-01
8.161488235308850259e-01
5.744750876772513060e-01
7.623514706962934984e-01
6.127686938657006532e-01
8.163955717168994708e-01
5.747646535276955682e-01
7.623578596097363436e-01
6.127686938737482159e-01
8.163955717206485829e-01
5.747646535344629326e-01
7.623578596121319828e-01
6.127686938523856375e-01
8.163955717105534360e-01
5.747646535152647340e-01
7.623578596032252186e-01
6.127686938653523763e-01
8.163955717166626602e-01
5.747646535269249624e-01
7.623578596090728743e-01
6.127686938469075750e-01
8.163955717041089244e-01
5.747646534861415857e-01
7.623578595738303987e-01
6.127686939208026873e-01
8.163955717458504235e-01
5.747646535965799108e-01
7.623578596551511266e-01
6.127686938655555471e-01
8.163955717167772352e-01
5.747646535276174085e-01
7.623578596095523796e-01
6.127686938523267957e-01
8.163955717103453802e-01
5.747646535152990399e-01
7.623578596032655197e-01
6.134925189037808702e-01
8.167000619502164938e-01
5.750974520381818555e-01
7.623339717066555110e-01
6.134925189118328737e-01
8.167000619539662720e-01
5.750974520449517735e-01
7.623339717090513723e-01
6.134925188904579718e-01
8.167000619438692377e-01
5.750974520257475797e-01
7.623339717001447191e-01
6.134925189034323711e-01
8.167000619499792391e-01
5.750974520374112497e-01
7.623339717059920417e-01
6.134925188848622257e-01
8.167000619373454562e-01
5.750974519963628628e-01
7.623339716705320734e-01
6.134925189592765893e-01
8.167000619793627347e-01
5.750974521075382651e-01
7.623339717523680559e-01
6.134925189036354309e-01
8.167000619500945913e-01
5.750974520381040289e-01
7.623339717064723242e-01
6.134925188903991300e-01
8.167000619436611819e-01
5.750974520257822187e-01
7.623339717001852422e-01
6.147466568461517067e-01
8.172248925345143578e-01
5.756575651098165824e-01
7.622776823876863395e-01
6.147466568542120369e-01
8.172248925382653573e-01
5.756575651165892760e-01
7.622776823900818677e-01
6.147466568328152636e-01
8.172248925281649923e-01
5.756575650973763114e-01
7.622776823811756586e-01
6.147466568458070935e-01
8.172248925342795456e-01
5.756575651090541923e-01
7.622776823870301977e-01
6.147466568267692111e-01
8.172248925213366766e-01
5.756575650669941702e-01
7.622776823507180222e-01
6.147466569023479765e-01
8.172248925640079875e-01
5.756575651800105442e-01
7.622776824339235757e-01
6.147466568460066005e-01
8.172248925343921222e-01
5.756575651097386448e-01
7.622776823875023755e-01
6.147466568327563108e-01
8.172248925279566034e-01
5.756575650974106173e-01
7.622776823812156266e-01
6.168319691205506050e-01
8.181225171372035199e-01
5.767626964764788200e-01
7.623848065320808498e-01
6.168319691286245909e-01
8.181225171409566288e-01
5.767626964832581749e-01
7.623848065344767111e-01
6.168319691071912914e-01
8.181225171308503796e-01
5.767626964640262255e-01
7.623848065255697248e-01
6.168319691202225341e-01
8.181225171369805871e-01
5.767626964757549546e-01
7.623848065314584588e-01
6.168319690997691174e-01
8.181225171230908089e-01
5.767626964305985204e-01
7.623848064925202728e-01
6.168319691777245373e-01
8.181225171671757668e-01
5.767626965478421797e-01
7.623848065790344020e-01
6.168319691204049438e-01
8.181225171370808402e-01
5.767626964764005493e-01
7.623848065318972189e-01
6.168319691071322275e-01
8.181225171306421018e-01
5.767626964640609755e-01
7.623848065256100259e-01
6.220799125927465312e-01
8.208077738720521710e-01
5.824519506368199817e-01
7.658722230908192596e-01
6.220799126008552671e-01
8.208077738758110531e-01
5.824519506436324212e-01
7.658722230932207831e-01
6.220799125793309292e-01
8.208077738656889277e-01
5.824519506243064360e-01
7.658722230842934797e-01
6.220799125924785233e-01
8.208077738718704275e-01
5.824519506362276777e-01
7.658722230903117767e-01
6.220799125675091634e-01
8.208077738549559577e-01
5.824519505810575870e-01
7.658722230429153566e-01
6.220799126492664310e-01
8.208077739016050867e-01
5.824519507074155111e-01
7.658722231371032363e-01
6.220799125926006479e-01
8.208077738719296024e-01
5.824519506367416000e-01
7.658722230906352957e-01
6.220799125792716433e-01
8.208077738654799838e-01
5.824519506243410749e-01
7.658722230843338918e-01
6.208759673102073329e-01
8.203212770190436709e-01
5.820207391282959941e-01
7.660663582676037198e-01
6.208759673183075201e-01
8.203212770228017758e-01
5.820207391351062132e-01
7.660663582700052432e-01
6.208759672968042764e-01
8.203212770126826481e-01
5.820207391157870003e-01
7.660663582610769407e-01
6.208759673099698562e-01
8.203212770188830216e-01
5.820207391277709696e-01
7.660663582671539684e-01
6.208759672821358988e-01
8.203212770000141152e-01
5.820207390662313074e-01
7.660663582142874795e-01
6.208759673659376421e-01
8.203212770482043448e-01
5.820207391979485001e-01
7.660663583132715226e-01
6.208759673100612275e-01
8.203212770189214353e-01
5.820207391282176124e-01
7.660663582674196448e-01
6.208759672967451015e-01
8.203212770124738151e-01
5.820207391158217503e-01
7.660663582611173528e-01
6.067278678424354865e-01
8.130832089733108781e-01
5.668434590838434817e-01
7.569524873569984935e-01
6.067278678504428591e-01
8.130832089770523297e-01
5.668434590905643278e-01
7.569524873593855840e-01
6.067278678291860849e-01
8.130832089669776108e-01
5.668434590714983567e-01
7.569524873505105722e-01
6.067278678422249882e-01
8.130832089731669932e-01
5.668434590833788533e-01
7.569524873565972589e-01
6.067278678102736578e-01
8.130832089513526650e-01
5.668434590128523798e-01
7.569524872955976091e-01
6.067278678997364283e-01
8.130832090035065018e-01
5.668434591553384028e-01
7.569524874041965168e-01
6.067278678422909355e-01
8.130832089731889756e-01
5.668434590837659881e-01
7.569524873568155288e-01
6.067278678291275762e-01
8.130832089667697771e-01
5.668434590715327737e-01
7.569524873505506513e-01
6.121533636160725322e-01
8.166613102836342009e-01
5.776937854227778280e-01
7.660578328801183057e-01
6.083017992925640050e-01
8.141151758768524482e-01
5.699208616076740785e-01
7.595239674132377994e-01
6.083017993005819246e-01
8.141151758805965644e-01
5.699208616144131323e-01
7.595239674156292198e-01
6.083017992792973949e-01
8.141151758705155173e-01
5.699208615952958690e-01
7.595239674067388869e-01
6.083017992923694939e-01
8.141151758767196656e-01
5.699208616072437561e-01
7.595239674128667628e-01
6.083017992587490541e-01
8.141151758537801264e-01
5.699208615329254268e-01
7.595239673486706700e-01
6.083017993481936170e-01
8.141151759061484583e-01
5.699208616771824776e-01
7.595239674590665846e-01
6.083017992924192319e-01
8.141151758767306568e-01
5.699208616075964740e-01
7.595239674130546126e-01
6.083017992792387751e-01
8.141151758703077945e-01
5.699208615953302859e-01
7.595239674067791880e-01
6.123602673704253707e-01
8.161908612098903726e-01
5.737776818218757180e-01
7.616116333262310523e-01
6.123602673784700468e-01
8.161908612136389296e-01
5.737776818286374203e-01
7.616116333286258033e-01
6.123602673571146848e-01
8.161908612035450039e-01
5.737776818094552089e-01
7.616116333197234800e-01
6.123602673702360777e-01
8.161908612097615867e-01
5.737776818214577190e-01
7.616116333258712290e-01
6.123602673354804349e-01
8.161908611860954066e-01
5.737776817446236244e-01
7.616116332596424288e-01
6.123602674261011680e-01
8.161908612391503004e-01
5.737776818914450683e-01
7.616116333720044373e-01
6.123602673702800425e-01
8.161908612097681370e-01
5.737776818217977803e-01
7.616116333260475324e-01
6.123602673570558430e-01
8.161908612033370591e-01
5.737776818094899589e-01
7.616116333197634480e-01
6.137633966481839121e-01
8.168362885763400527e-01
5.746556255053569817e-01
7.618308190920187739e-01
6.137633966562380250e-01
8.168362885800904971e-01
5.746556255121240131e-01
7.618308190944139691e-01
6.137633966348583492e-01
8.168362885699924636e-01
5.746556254929271468e-01
7.618308190855104245e-01
6.137633966479993930e-01
8.168362885762143755e-01
5.746556255049488637e-01
7.618308190916681655e-01
6.137633966120500384e-01
8.168362885517540528e-01
5.746556254255071883e-01
7.618308190232387922e-01
6.137633967043643057e-01
8.168362886058432304e-01
5.746556255755300713e-01
7.618308191381579775e-01
6.137633966480389169e-01
8.168362885762180392e-01
5.746556255052787110e-01
7.618308190918352540e-01
6.137633966347992853e-01
8.168362885697840747e-01
5.746556254929617857e-01
7.618308190855506146e-01
6.155180621010111208e-01
8.176370127623302508e-01
5.760081771945915197e-01
7.623874461567591299e-01
6.155180621090765580e-01
8.176370127660824716e-01
5.760081772013658785e-01
7.623874461591546581e-01
6.155180620876662401e-01
8.176370127559793310e-01
5.760081771821469188e-01
7.623874461502480049e-01
6.155180621008431441e-01
8.176370127622162309e-01
5.760081771942203721e-01
7.623874461564407179e-01
6.155180620608948772e-01
8.176370127350595096e-01
5.760081771059603062e-01
7.623874460805004638e-01
6.155180621575699895e-01
8.176370127920046249e-01
5.760081772652203558e-01
7.623874462031478005e-01
6.155180621008661257e-01
8.176370127622082373e-01
5.760081771945130269e-01
7.623874461565753879e-01
6.155180620876072872e-01
8.176370127557710532e-01
5.760081771821814467e-01
7.623874461502881950e-01
6.179259417283103906e-01
8.185908587115965362e-01
5.773387207960961609e-01
7.625626858133688346e-01
6.179259417363915929e-01
8.185908587153506444e-01
5.773387208028790685e-01
7.625626858157649179e-01
6.179259417149391975e-01
8.185908587052419527e-01
5.773387207836375712e-01
7.625626858068568215e-01
6.179259417281665057e-01
8.185908587114987256e-01
5.773387207957787481e-01
7.625626858130961638e-01
6.179259416805166216e-01
8.185908586791493802e-01
5.773387206905825630e-01
7.625626857227165711e-01
6.179259417859844783e-01
8.185908587418144755e-01
5.773387208680609284e-01
7.625626858605685232e-01
6.179259417281648403e-01
8.185908587114741897e-01
5.773387207960182232e-01
7.625626858131848707e-01
6.179259417148802447e-01
8.185908587050336749e-01
5.773387207836723212e-01
7.625626858068967895e-01
6.156033185581918366e-01
8.171203279860261848e-01
5.729373391635252943e-01
7.589594056507179554e-01
6.156033185662577178e-01
8.171203279897768512e-01
5.729373391702823337e-01
7.589594056531079325e-01
6.156033185448462897e-01
8.171203279796771524e-01
5.729373391511143332e-01
7.589594056442214853e-01
6.156033185580489508e-01
8.171203279859289292e-01
5.729373391632105461e-01
7.589594056504475050e-01
6.156033185082416814e-01
8.171203279520818930e-01
5.729373390534651111e-01
7.589594055560227037e-01
6.156033186181725236e-01
8.171203280174835770e-01
5.729373392382223207e-01
7.589594056997809313e-01
6.156033185580463973e-01
8.171203279859039492e-01
5.729373391634473567e-01
7.589594056505344355e-01
6.156033185447871148e-01
8.171203279794690966e-01
5.729373391511486391e-01
7.589594056442613423e-01
6.156931268911385313e-01
8.183141372124658197e-01
5.807762877763802400e-01
7.675823050582697427e-01
6.146646814117022739e-01
8.168220398126584403e-01
5.731536186680150635e-01
7.597126003215928236e-01
6.146646814197624931e-01
8.168220398164082185e-01
5.731536186747731021e-01
7.597126003239843550e-01
6.146646813983667190e-01
8.168220398063104071e-01
5.731536186556016599e-01
7.597126003150934670e-01
6.146646814115739321e-01
8.168220398125710657e-01
5.731536186677324007e-01
7.597126003213499068e-01
6.146646813571706724e-01
8.168220397755782125e-01
5.731536185477423828e-01
7.597126002181058269e-01
6.146646814704740391e-01
8.168220398434998808e-01
5.731536187412767935e-01
7.597126003697174390e-01
6.146646814115567237e-01
8.168220398125362047e-01
5.731536186679372369e-01
7.597126003214095258e-01
6.146646813983077662e-01
8.168220398061023513e-01
5.731536186556361878e-01
7.597126003151333240e-01
6.327242788235907245e-01
8.305305408181775650e-01
6.235784809941283813e-01
8.052175870213662545e-01
6.146624669494737958e-01
8.169663192280202102e-01
5.741300423252266860e-01
7.607975720853424884e-01
6.146624669575335709e-01
8.169663192317708766e-01
5.741300423319903867e-01
7.607975720877357961e-01
6.146624669361381299e-01
8.169663192216717329e-01
5.741300423128027353e-01
7.607975720788382468e-01
6.146624669493551130e-01
8.169663192279396080e-01
5.741300423249652285e-01
7.607975720851177792e-01
6.146624668915621204e-01
8.169663191886378240e-01
5.741300421973871693e-01
7.607975719753781174e-01
6.146624670071959562e-01
8.169663192583138667e-01
5.741300423972417466e-01
7.607975721326347696e-01
6.146624669493283566e-01
8.169663192278981967e-01
5.741300423251487484e-01
7.607975720851588575e-01
6.146624669360791771e-01
8.169663192214636771e-01
5.741300423128374852e-01
7.607975720788781038e-01
6.132201518047134536e-01
8.163399695318410698e-01
5.733339067558240743e-01
7.607003133544465445e-01
6.132201518127637918e-01
8.163399695355899599e-01
5.733339067625830010e-01
7.607003133568397413e-01
6.132201517913935529e-01
8.163399695254951460e-01
5.733339067434085612e-01
7.607003133479426360e-01
6.132201518046028754e-01
8.163399695317654636e-01
5.733339067555797142e-01
7.607003133542363793e-01
6.132201517434741067e-01
8.163399694901620762e-01
5.733339066205721535e-01
7.607003132380486532e-01
6.132201518617913516e-01
8.163399695618200891e-01
5.733339068270695282e-01
7.607003134012574330e-01
6.132201518045682365e-01
8.163399695317190563e-01
5.733339067557461366e-01
7.607003133542628026e-01
6.132201517913346001e-01
8.163399695252870902e-01
5.733339067434430891e-01
7.607003133479828261e-01
6.115910361362997261e-01
8.155031468681800400e-01
5.715683452103785811e-01
7.596312132499526415e-01
6.115910361443394061e-01
8.155031468719273757e-01
5.715683452171271828e-01
7.596312132523439509e-01
6.115910361229972558e-01
8.155031468618376689e-01
5.715683451979823859e-01
7.596312132434532849e-01
6.115910361361934777e-01
8.155031468681078755e-01
5.715683452101441020e-01
7.596312132497510250e-01
6.115910360723125772e-01
8.155031468245952375e-01
5.715683450690864920e-01
7.596312131282638713e-01
6.115910361935766870e-01
8.155031468982884002e-01
5.715683452818572929e-01
7.596312132969540443e-01
6.115910361361546199e-01
8.155031468680582485e-01
5.715683452103005324e-01
7.596312132497693437e-01
6.115910361229388581e-01
8.155031468616295021e-01
5.715683451980165808e-01
7.596312132434933639e-01
6.114434239837641671e-01
8.153607488119090085e-01
5.709615531257509202e-01
7.590434364439582193e-01
6.114434239918029590e-01
8.153607488156553451e-01
5.709615531324957471e-01
7.590434364463484185e-01
6.114434239704633622e-01
8.153607488055668595e-01
5.709615531133609423e-01
7.590434364374614162e-01
6.114434239836621376e-01
8.153607488118393976e-01
5.709615531255251009e-01
7.590434364437641523e-01
6.114434239167418905e-01
8.153607487662544173e-01
5.709615529778157006e-01
7.590434363165383669e-01
6.114434240415382860e-01
8.153607488422794924e-01
5.709615531978202707e-01
7.590434364913514198e-01
6.114434239836192830e-01
8.153607488117865509e-01
5.709615531256729826e-01
7.590434364437746995e-01
6.114434239704047425e-01
8.153607488053586927e-01
5.709615531133953592e-01
7.590434364375012732e-01
6.285513904017913100e-01
8.265769721325599839e-01
6.063386003613033814e-01
7.886937978186079334e-01
6.118570736744802785e-01
8.156028405317650165e-01
5.716085903185339490e-01
7.595396448827360647e-01
6.118570736825217349e-01
8.156028405355122413e-01
5.716085903252825506e-01
7.595396448851270410e-01
6.118570736611749217e-01
8.156028405254222013e-01
5.716085903061373097e-01
7.595396448762371522e-01
6.118570736743840222e-01
8.156028405316995133e-01
5.716085903183212302e-01
7.595396448825535440e-01
6.118570736035788826e-01
8.156028404834771983e-01
5.716085901620001630e-01
7.595396447479566548e-01
6.118570737319896091e-01
8.156028405619909494e-01
5.716085903902904386e-01
7.595396449299078867e-01
6.118570736743350613e-01
8.156028405316431140e-01
5.716085903184559003e-01
7.595396448825525448e-01
6.118570736611163019e-01
8.156028405252140345e-01
5.716085903061716156e-01
7.595396448762773423e-01
6.133008352934155027e-01
8.163618011769632199e-01
5.732912243919824347e-01
7.606287814634391520e-01
6.133008353014661740e-01
8.163618011807123320e-01
5.732912243987410283e-01
7.606287814658322377e-01
6.133008352800946028e-01
8.163618011706172961e-01
5.732912243795674767e-01
7.606287814569355765e-01
6.133008352933314589e-01
8.163618011769060434e-01
5.732912243917966943e-01
7.606287814632795019e-01
6.133008352125814966e-01
8.163618011219491155e-01
5.732912242134636793e-01
7.606287813098787653e-01
6.133008353506201882e-01
8.163618012070078533e-01
5.732912244633793231e-01
7.606287815103306427e-01
6.133008352932701746e-01
8.163618011768413174e-01
5.732912243919046080e-01
7.606287814632557431e-01
6.133008352800356500e-01
8.163618011704093513e-01
5.732912243796020046e-01
7.606287814569758776e-01
6.143307769138350860e-01
8.167467646974777562e-01
5.734412209239218017e-01
7.602462659647385435e-01
6.143307769218925296e-01
8.167467647012275345e-01
5.734412209306815056e-01
7.602462659671309630e-01
6.143307769005028618e-01
8.167467646911302781e-01
5.734412209115051784e-01
7.602462659582365223e-01
6.143307769137581476e-01
8.167467646974254647e-01
5.734412209237523816e-01
7.602462659645933263e-01
6.143307768238074340e-01
8.167467646362425171e-01
5.734412207252373994e-01
7.602462657939188517e-01
6.143307769719459355e-01
8.167467647279799126e-01
5.734412209963990481e-01
7.602462660123159299e-01
6.143307769136893137e-01
8.167467646973557427e-01
5.734412209238441971e-01
7.602462659645548015e-01
6.143307769004440200e-01
8.167467646909221113e-01
5.734412209115395953e-01
7.602462659582767124e-01
6.133693691215741373e-01
8.160088431041629953e-01
5.707576753079551812e-01
7.578038809897733596e-01
6.133693691296253636e-01
8.160088431079115523e-01
5.707576753146987869e-01
7.578038809921616714e-01
6.133693691082525712e-01
8.160088430978186258e-01
5.707576752955675348e-01
7.578038809832814415e-01
6.133693691214987531e-01
8.160088431041121471e-01
5.707576753077896470e-01
7.578038809896308070e-01
6.133693690267214560e-01
8.160088430396246206e-01
5.707576750989483694e-01
7.578038808099513135e-01
6.133693691815644833e-01
8.160088431356620209e-01
5.707576753826592020e-01
7.578038810388473268e-01
6.133693691214289201e-01
8.160088431040410928e-01
5.707576753078773546e-01
7.578038809895899508e-01
6.133693691081936183e-01
8.160088430976104590e-01
5.707576752956020627e-01
7.578038809833216316e-01
6.171507543878309576e-01
8.184913446694382921e-01
5.785110900702824521e-01
7.643304747421418854e-01
6.139916976618050581e-01
8.164047245551531162e-01
5.719449558775807629e-01
7.587839358746442109e-01
6.139916976698606144e-01
8.164047245589021173e-01
5.719449558843313630e-01
7.587839358770339659e-01
6.139916976484764977e-01
8.164047245488068594e-01
5.719449558651802379e-01
7.587839358681481849e-01
6.139916976617357802e-01
8.164047245551058207e-01
5.719449558774281073e-01
7.587839358745127605e-01
6.139916975599823967e-01
8.164047244858898544e-01
5.719449556530935563e-01
7.587839356815994085e-01
6.139916977211675730e-01
8.164047245863143010e-01
5.719449559515429327e-01
7.587839359232074754e-01
6.139916976616593969e-01
8.164047245550308807e-01
5.719449558775032694e-01
7.587839358744604690e-01
6.139916976484178779e-01
8.164047245485988036e-01
5.719449558652147658e-01
7.587839358681883750e-01
6.591730909201194422e-01
8.466106058352692587e-01
6.720948067339773679e-01
8.431870504164398206e-01
6.152225692701821513e-01
8.172158192799168219e-01
5.744859323919347949e-01
7.609293339937339695e-01
6.152225692782459232e-01
8.172158192836677104e-01
5.744859323987006050e-01
7.609293339961273883e-01
6.152225692568404902e-01
8.172158192735676785e-01
5.744859323795070694e-01
7.609293339872289508e-01
6.152225692701198678e-01
8.172158192798741894e-01
5.744859323917971272e-01
7.609293339936158418e-01
6.152225691598316448e-01
8.172158192048897263e-01
5.744859321483472003e-01
7.609293337844579286e-01
6.152225693280994889e-01
8.172158193103037371e-01
5.744859324641836684e-01
7.609293340411295015e-01
6.152225692700367121e-01
8.172158192797948084e-01
5.744859323918565241e-01
7.609293339935505607e-01
6.152225692567817594e-01
8.172158192733592896e-01
5.744859323795411532e-01
7.609293339872692519e-01
6.137569494863868158e-01
8.163722049222839061e-01
5.722821383065906931e-01
7.592843541348788250e-01
6.137569494944409287e-01
8.163722049260330182e-01
5.722821383133435136e-01
7.592843541372695793e-01
6.137569494730610309e-01
8.163722049159379823e-01
5.722821382941868373e-01
7.592843541283810227e-01
6.137569494863214237e-01
8.163722049222394972e-01
5.722821383064462530e-01
7.592843541347543690e-01
6.137569493799451825e-01
8.163722048498653905e-01
5.722821380718035034e-01
7.592843539329824365e-01
6.137569495451438151e-01
8.163722049531326741e-01
5.722821383798342154e-01
7.592843541829692455e-01
6.137569494862417097e-01
8.163722049221616706e-01
5.722821383065125334e-01
7.592843541346953051e-01
6.137569494730023001e-01
8.163722049157299265e-01
5.722821382942208102e-01
7.592843541284208797e-01
6.134015974868451959e-01
8.161973142097046496e-01
5.719479295163570898e-01
7.591068137825550677e-01
6.134015974948970884e-01
8.161973142134532067e-01
5.719479295231080229e-01
7.591068137849453779e-01
6.134015974735232968e-01
8.161973142033592810e-01
5.719479295039565647e-01
7.591068137760579315e-01
6.134015974867802479e-01
8.161973142096604628e-01
5.719479295162134269e-01
7.591068137824313888e-01
6.134015973796874688e-01
8.161973141367858675e-01
5.719479292799917181e-01
7.591068135792675697e-01
6.134015975455916481e-01
8.161973142405530846e-01
5.719479295895868454e-01
7.591068138306447111e-01
6.134015974866999787e-01
8.161973142095827471e-01
5.719479295162793742e-01
7.591068137823715478e-01
6.134015974734645660e-01
8.161973142031513362e-01
5.719479295039913147e-01
7.591068137760980106e-01
6.108329003245224209e-01
8.152647900071393616e-01
5.717667250689907332e-01
7.602953584924412311e-01
6.122336902842737683e-01
8.156838314117444977e-01
5.712630166369767615e-01
7.589811471011600474e-01
6.122336902923176671e-01
8.156838314154921665e-01
5.712630166437234758e-01
7.589811471035504686e-01
6.122336902709645257e-01
8.156838314054014605e-01
5.712630166245837859e-01
7.589811470946636884e-01
6.122336902842125950e-01
8.156838314117030864e-01
5.712630166368418694e-01
7.589811471010440291e-01
6.122336901711085133e-01
8.156838313346885805e-01
5.712630163872693956e-01
7.589811468863018051e-01
6.122336903425411592e-01
8.156838314423614511e-01
5.712630167096353073e-01
7.589811471488963068e-01
6.122336902841288842e-01
8.156838314116229283e-01
5.712630166368987128e-01
7.589811471009767496e-01
6.122336902709059059e-01
8.156838314051935157e-01
5.712630166246182029e-01
7.589811470947035454e-01
6.120122903349787258e-01
8.156166364481187703e-01
5.713360861311943539e-01
7.591832443094274074e-01
6.120122903430211814e-01
8.156166364518659950e-01
5.713360861379418454e-01
7.591832443118182727e-01
6.120122903216718147e-01
8.156166364417756220e-01
5.713360861188007123e-01
7.591832443029300492e-01
6.120122903349211052e-01
8.156166364480792463e-01
5.713360861310678995e-01
7.591832443093181615e-01
6.120122902154853106e-01
8.156166363667415320e-01
5.713360858674575438e-01
7.591832440824957118e-01
6.120122903929374747e-01
8.156166364785776279e-01
5.713360862034861931e-01
7.591832443569235256e-01
6.120122903348338417e-01
8.156166364479968678e-01
5.713360861311168604e-01
7.591832443092438876e-01
6.120122903216131949e-01
8.156166364415676773e-01
5.713360861188352402e-01
7.591832443029701283e-01
6.124917443787871729e-01
8.157841971819388416e-01
5.713266102908401978e-01
7.589162324398140980e-01
6.124917443868327371e-01
8.157841971856861774e-01
5.713266102975872451e-01
7.589162324422044081e-01
6.124917443654749327e-01
8.157841971755950272e-01
5.713266102784464451e-01
7.589162324333178500e-01
6.124917443787311067e-01
8.157841971819002058e-01
5.713266102907156307e-01
7.589162324397074055e-01
6.124917442555236624e-01
8.157841970980179713e-01
5.713266100188897356e-01
7.589162322058595755e-01
6.124917444372537378e-01
8.157841972126553820e-01
5.713266103637356652e-01
7.589162324876983501e-01
6.124917443786420668e-01
8.157841971818166060e-01
5.713266102907624822e-01
7.589162324396310222e-01
6.124917443654163129e-01
8.157841971753867494e-01
5.713266102784807510e-01
7.589162324333580401e-01
6.313977634643511694e-01
8.269663781437220917e-01
6.021790479822810571e-01
7.826303461269027428e-01
6.132394308452129295e-01
8.161300995423834692e-01
5.718808662955345845e-01
7.591283790693934552e-01
6.132394308532634897e-01
8.161300995461319152e-01
5.718808663022847405e-01
7.591283790717840985e-01
6.132394308318928067e-01
8.161300995360384336e-01
5.718808662831346146e-01
7.591283790628963191e-01
6.132394308451595277e-01
8.161300995423470539e-01
5.718808662954166788e-01
7.591283790692922029e-01
6.132394307148349988e-01
8.161300994536538900e-01
5.718808660079215400e-01
7.591283788220627438e-01
6.132394309038616820e-01
8.161300995731834984e-01
5.718808663686478777e-01
7.591283791174018303e-01
6.132394308450678233e-01
8.161300995422615667e-01
5.718808662954566469e-01
7.591283790692100464e-01
6.132394308318338538e-01
8.161300995358303778e-01
5.718808662831694756e-01
7.591283790629363981e-01
6.135390966740186247e-01
8.162368509037757347e-01
5.718890373937932647e-01
7.589777610267941510e-01
6.135390966820711833e-01
8.162368509075244027e-01
5.718890374005436428e-01
7.589777610291843501e-01
6.135390966606952823e-01
8.162368508974302550e-01
5.718890373813936279e-01
7.589777610202975699e-01
6.135390966739668883e-01
8.162368509037405406e-01
5.718890373936790228e-01
7.589777610266956742e-01
6.135390965390379314e-01
8.162368508119300925e-01
5.718890370960977299e-01
7.589777607708269036e-01
6.135390967329694689e-01
8.162368509347290857e-01
5.718890374672664922e-01
7.589777610750322312e-01
6.135390966738735186e-01
8.162368509036536102e-01
5.718890373937152161e-01
7.589777610266107422e-01
6.135390966606363294e-01
8.162368508972223102e-01
5.718890373814279338e-01
7.589777610203375380e-01
6.142523231419618757e-01
8.165771828301677804e-01
5.724886008233960322e-01
7.592591566099128331e-01
6.142523231500190972e-01
8.165771828339175586e-01
5.724886008301497409e-01
7.592591566123035873e-01
6.142523231286306507e-01
8.165771828238209684e-01
5.724886008109896229e-01
7.592591566034151418e-01
6.142523231419139140e-01
8.165771828301350288e-01
5.724886008232900059e-01
7.592591566098221278e-01
6.142523229956088349e-01
8.165771827306207431e-01
5.724886005006347700e-01
7.592591563325066240e-01
6.142523232010105305e-01
8.165771828611609884e-01
5.724886008969863882e-01
7.592591566582089779e-01
6.142523231418165475e-01
8.165771828300455448e-01
5.724886008233178725e-01
7.592591566097292022e-01
6.142523231285720309e-01
8.165771828236129126e-01
5.724886008110239288e-01
7.592591566034549988e-01
6.255552854521868600e-01
8.236919189046694179e-01
5.937748038062797828e-01
7.765845899412913145e-01
6.146895474589132435e-01
8.168191382771055054e-01
5.730805590753922374e-01
7.596786467333485060e-01
6.146895474669734627e-01
8.168191382808558387e-01
5.730805590821498319e-01
7.596786467357400374e-01
6.146895474455775776e-01
8.168191382707580273e-01
5.730805590629791668e-01
7.596786467268490384e-01
6.146895474588676134e-01
8.168191382770745301e-01
5.730805590752909850e-01
7.596786467332615755e-01
6.146895473064533100e-01
8.168191381734256629e-01
5.730805587391069045e-01
7.596786464443987530e-01
6.146895475177801549e-01
8.168191383079974610e-01
5.730805591487685424e-01
7.596786467814913291e-01
6.146895474587683594e-01
8.168191382769836029e-01
5.730805590753141887e-01
7.596786467331649861e-01
6.146895474455186248e-01
8.168191382705496384e-01
5.730805590630139168e-01
7.596786467268892284e-01
6.141667262422942919e-01
8.164728982733963081e-01
5.719905481008374926e-01
7.587583591435930197e-01
6.141667262503506253e-01
8.164728982771458643e-01
5.719905481075886478e-01
7.587583591459828858e-01
6.141667262289638440e-01
8.164728982670502733e-01
5.719905480884368565e-01
7.587583591370974379e-01
6.141667262422493279e-01
8.164728982733661100e-01
5.719905481007387937e-01
7.587583591435083097e-01
6.141667260845470322e-01
8.164728981660982488e-01
5.719905477530738969e-01
7.587583588446825678e-01
6.141667263017875911e-01
8.164728983046233290e-01
5.719905481749549825e-01
7.587583591922382187e-01
6.141667262421489637e-01
8.164728982732744056e-01
5.719905481007597770e-01
7.587583591434096109e-01
6.141667262289051132e-01
8.164728982668422175e-01
5.719905480884713844e-01
7.587583591371376279e-01
6.139332580377606652e-01
8.163742252611374539e-01
5.718800679289227640e-01
7.587637652030626567e-01
6.139332580458157773e-01
8.163742252648867881e-01
5.718800679356732530e-01
7.587637652054524118e-01
6.139332580244327708e-01
8.163742252547916411e-01
5.718800679165227940e-01
7.587637651965667418e-01
6.139332580377186988e-01
8.163742252611088102e-01
5.718800679288300604e-01
7.587637652029829427e-01
6.139332578698519782e-01
8.163742251469114919e-01
5.718800675587192295e-01
7.587637648848482019e-01
6.139332580971296194e-01
8.163742252923030795e-01
5.718800680028928163e-01
7.587637652516132647e-01
6.139332580376152260e-01
8.163742252610155514e-01
5.718800679288450484e-01
7.587637652028792479e-01
6.139332580243740400e-01
8.163742252545833633e-01
5.718800679165573220e-01
7.587637651966068209e-01
6.206540343306967689e-01
8.211683225608951142e-01
5.883026004918107121e-01
7.732250111277819693e-01
6.139997843334414895e-01
8.164422098298563801e-01
5.721795730279144454e-01
7.590595064623093524e-01
6.139997843414970458e-01
8.164422098336054923e-01
5.721795730346664888e-01
7.590595064646998846e-01
6.139997843201131511e-01
8.164422098235100123e-01
5.721795730155112558e-01
7.590595064558123273e-01
6.139997843334009664e-01
8.164422098298288466e-01
5.721795730278252945e-01
7.590595064622329691e-01
6.139997841591348093e-01
8.164422097112794541e-01
5.721795726435249252e-01
7.590595061319334036e-01
6.139997843925583121e-01
8.164422098608891121e-01
5.721795731015855146e-01
7.590595065106596762e-01
6.139997843332961613e-01
8.164422098297341446e-01
5.721795730278365077e-01
7.590595064621260546e-01
6.139997843200541983e-01
8.164422098233016234e-01
5.721795730155461168e-01
7.590595064558525173e-01
6.547811717899776340e-01
8.444678468124562354e-01
6.676554582513021252e-01
8.408211850967804990e-01
6.146425844428158314e-01
8.169285336646641138e-01
5.739281061499859060e-01
7.606445770327037170e-01
6.141713146991165662e-01
8.165788994617189100e-01
5.726924410477425287e-01
7.595340099335885498e-01
6.141713147071732326e-01
8.165788994654686883e-01
5.726924410544976807e-01
7.595340099359799702e-01
6.141713146857865624e-01
8.165788994553723201e-01
5.726924410353341210e-01
7.595340099270893042e-01
6.141713146990777084e-01
8.165788994616927088e-01
5.726924410476572636e-01
7.595340099335151640e-01
6.141713145185780931e-01
8.165788993389089256e-01
5.726924406494852127e-01
7.595340095913494238e-01
6.141713147578609089e-01
8.165788994925545774e-01
5.726924411209721733e-01
7.595340099816414448e-01
6.141713146989715710e-01
8.165788994615968965e-01
5.726924410476645910e-01
7.595340099334050299e-01
6.141713146857276096e-01
8.165788994551641533e-01
5.726924410353687600e-01
7.595340099271294942e-01
6.128412614921805446e-01
8.158105277165061953e-01
5.706776122718263400e-01
7.580263625697110097e-01
6.128412615002285513e-01
8.158105277202539751e-01
5.706776122785700567e-01
7.580263625720999876e-01
6.128412614788648627e-01
8.158105277101622699e-01
5.706776122594398037e-01
7.580263625632186475e-01
6.128412614921426860e-01
8.158105277164804381e-01
5.706776122717431843e-01
7.580263625696396224e-01
6.128412613052981461e-01
8.158105275893028363e-01
5.706776118598538838e-01
7.580263622154185255e-01
6.128412615517042639e-01
8.158105277477698536e-01
5.706776123459771366e-01
7.580263626184051695e-01
6.128412614920355495e-01
8.158105277163840707e-01
5.706776122717486244e-01
7.580263625695276009e-01
6.128412614788060209e-01
8.158105277099544361e-01
5.706776122594743317e-01
7.580263625632587265e-01
6.129292954545906280e-01
8.158527429829617317e-01
5.707527859981331719e-01
7.580617591766919405e-01
6.128572930161507726e-01
8.158180495397465704e-01
5.706901873534183656e-01
7.580315764655547461e-01
6.128443238027061479e-01
8.158119580898556267e-01
5.706799711268242259e-01
7.580273107464954307e-01
6.128418519769113226e-01
8.158108032837955159e-01
5.706780654879700654e-01
7.580265436027168180e-01
6.128413755593917767e-01
8.158105809403172204e-01
5.706776997612860169e-01
7.580263974736271004e-01
6.128412835349598131e-01
8.158105380013382923e-01
5.706776291763481224e-01
7.580263693121641611e-01
6.128412657520994067e-01
8.158105297041079451e-01
5.706776155386570348e-01
7.580263638726426612e-01
6.128412623154484429e-01
8.158105281006278187e-01
5.706776129031677636e-01
7.580263628215107019e-01
6.128412616512843858e-01
8.158105277907408137e-01
5.706776123938385181e-01
7.580263626183735282e-01
6.128412615229288374e-01
8.158105277308524972e-01
5.706776122954064778e-01
7.580263625791155979e-01
6.128412614981217921e-01
8.158105277192782001e-01
5.706776122763826953e-01
7.580263625715282227e-01
6.128412615061700208e-01
8.158105277230260910e-01
5.706776122831263010e-01
7.580263625739170896e-01
6.128412614848064432e-01
8.158105277129344968e-01
5.706776122639960480e-01
7.580263625650357495e-01
6.128412614980841555e-01
8.158105277192525540e-01
5.706776122762993175e-01
7.580263625714567244e-01
6.128412613112397267e-01
8.158105275920749522e-01
5.706776118644105722e-01
7.580263622172359605e-01
6.128412615576455114e-01
8.158105277505420805e-01
5.706776123505336029e-01
7.580263626202222715e-01
6.128412614979771300e-01
8.158105277191564086e-01
5.706776122763050907e-01
7.580263625713451470e-01
6.128412614847477125e-01
8.158105277127265520e-01
5.706776122640310200e-01
7.580263625650758286e-01
6.146572794884277435e-01
8.168552115471517938e-01
5.733995283080589589e-01
7.600477336365443204e-01
6.129929943330071351e-01
8.158668451312113268e-01
5.706967183639802821e-01
7.579647079530456022e-01
6.128658001822595569e-01
8.158134681444713099e-01
5.706392809348714845e-01
7.579705260940824418e-01
6.128468206477145630e-01
8.158102267696203391e-01
5.706624333733567589e-01
7.580065211168504069e-01
6.128427704335044357e-01
8.158103339575035751e-01
5.706727395183709417e-01
7.580201434949950245e-01
6.128416999291301792e-01
8.158104603824960499e-01
5.706761223315224285e-01
7.580244734923077266e-01
6.128413917266066768e-01
8.158105066959928653e-01
5.706771628493869652e-01
7.580257938520900129e-01
6.128413004431204625e-01
8.158105213394833966e-01
5.706774772517001493e-01
7.580261918054574943e-01
6.128412731685261017e-01
8.158105257991189463e-01
5.706775717581940022e-01
7.580263113369134498e-01
6.128412649974699367e-01
8.158105271427690264e-01
5.706776001220242867e-01
7.580263472033277328e-01
6.128412625475887499e-01
8.158105275463133355e-01
5.706776086307945306e-01
7.580263579620493131e-01
6.128412625556362014e-01
8.158105275500611153e-01
5.706776086375382473e-01
7.580263579644381799e-01
6.128412625342724018e-01
8.158105275399698542e-01
5.706776086184082164e-01
7.580263579555570619e-01
6.128412625475505582e-01
8.158105275462878003e-01
5.706776086307114859e-01
7.580263579619778147e-01
6.128412623607059073e-01
8.158105274191101985e-01
5.706776082188226296e-01
7.580263576077573839e-01
6.128412626071118030e-01
8.158105275775773269e-01
5.706776087049454382e-01
7.580263580107433619e-01
6.128412625474431996e-01
8.158105275461914330e-01
5.706776086307170370e-01
7.580263579618661263e-01
6.128412625342135600e-01
8.158105275397617984e-01
5.706776086184429664e-01
7.580263579555969189e-01
6.129156180085810757e-01
8.158543757607846780e-01
5.707961273246567879e-01
7.581172298225458128e-01
6.129156180166290824e-01
8.158543757645324579e-01
5.707961273314010597e-01
7.581172298249349017e-01
6.129156179952640615e-01
8.158543757544408637e-01
5.707961273122690304e-01
7.581172298160532286e-01
6.129156180085433281e-01
8.158543757607588098e-01
5.707961273245735212e-01
7.581172298224742034e-01
6.129156178216867978e-01
8.158543756335774333e-01
5.707961269126410331e-01
7.581172294682320123e-01
6.129156180680545019e-01
8.158543757920214690e-01
5.707961273987484097e-01
7.581172298711990054e-01
6.129156180084357475e-01
8.158543757606627755e-01
5.707961273245790723e-01
7.581172298223626260e-01
6.129156179952053307e-01
8.158543757542325858e-01
5.707961273123034474e-01
7.581172298160930856e-01
6.129281852462071800e-01
8.158604458138453142e-01
5.708071566683159404e-01
7.581226553643469757e-01
6.129281852542555198e-01
8.158604458175932050e-01
5.708071566750601011e-01
7.581226553667357315e-01
6.129281852328904989e-01
8.158604458075016108e-01
5.708071566559279608e-01
7.581226553578540583e-01
6.129281852461695435e-01
8.158604458138197790e-01
5.708071566682325626e-01
7.581226553642752553e-01
6.129281850593112368e-01
8.158604456866380694e-01
5.708071562562959667e-01
7.581226550100313988e-01
6.129281853056821605e-01
8.158604458450822161e-01
5.708071567424090054e-01
7.581226554130006123e-01
6.129281852460619628e-01
8.158604458137231896e-01
5.708071566682382247e-01
7.581226553641635668e-01
6.129281852328316571e-01
8.158604458072933330e-01
5.708071566559623777e-01
7.581226553578939154e-01
6.129425720259790156e-01
8.158668632024239642e-01
5.708162144935393645e-01
7.581249292007349316e-01
6.129425720340275774e-01
8.158668632061718551e-01
5.708162145002838583e-01
7.581249292031240206e-01
6.129425720126621124e-01
8.158668631960802609e-01
5.708162144811513850e-01
7.581249291942421253e-01
6.129425720259414900e-01
8.158668632023984291e-01
5.708162144934562088e-01
7.581249292006632112e-01
6.129425718390804079e-01
8.158668630752158313e-01
5.708162140815155050e-01
7.581249288464184666e-01
6.129425720854583259e-01
8.158668632336631976e-01
5.708162145676377586e-01
7.581249292493921210e-01
6.129425720258339094e-01
8.158668632023020617e-01
5.708162144934617599e-01
7.581249292005518559e-01
6.129425720126033816e-01
8.158668631958719830e-01
5.708162144811855798e-01
7.581249291942822044e-01
6.129461331342994646e-01
8.158684234274771185e-01
5.708182669247472418e-01
7.581252828085909279e-01
6.129444782007920089e-01
8.158676983533860172e-01
5.708173131104005149e-01
7.581251184785443575e-01
6.129444782088403487e-01
8.158676983571340191e-01
5.708173131171448977e-01
7.581251184809334465e-01
6.129444781874748838e-01
8.158676983470423139e-01
5.708173130980124244e-01
7.581251184720515512e-01
6.129444782007540393e-01
8.158676983533604821e-01
5.708173131103172482e-01
7.581251184784726371e-01
6.129444780138928461e-01
8.158676982261778843e-01
5.708173126983762113e-01
7.581251181242278925e-01
6.129444782602728736e-01
8.158676983846261388e-01
5.708173131845011294e-01
7.581251185272027682e-01
6.129444782006466808e-01
8.158676983532642257e-01
5.708173131103226883e-01
7.581251184783609487e-01
6.129444781874159309e-01
8.158676983468341470e-01
5.708173130980472854e-01
7.581251184720916303e-01
6.129683528499901835e-01
8.158783888401115458e-01
5.708326199471120965e-01
7.581291958549540855e-01
6.129480185164823958e-01
8.158692836294458850e-01
5.708195829321743853e-01
7.581257231086222514e-01
6.129462983365736584e-01
8.158685133708305504e-01
5.708184800642125412e-01
7.581254293292657431e-01
6.129462983446222202e-01
8.158685133745784412e-01
5.708184800709567019e-01
7.581254293316547210e-01
6.129462983232566442e-01
8.158685133644868470e-01
5.708184800518245616e-01
7.581254293227728258e-01
6.129462983365359108e-01
8.158685133708051263e-01
5.708184800641291634e-01
7.581254293291942448e-01
6.129462981496744955e-01
8.158685132436224174e-01
5.708184796521881266e-01
7.581254289749491670e-01
6.129462983960554112e-01
8.158685134020706720e-01
5.708184801383139328e-01
7.581254293779245979e-01
6.129462983364287743e-01
8.158685133707086479e-01
5.708184800641346035e-01
7.581254293290825563e-01
6.129462983231980244e-01
8.158685133642785692e-01
5.708184800518587565e-01
7.581254293228129049e-01
6.129463222927559185e-01
8.158685333434523290e-01
5.708185575003168477e-01
7.581255019135237916e-01
6.129463013515908942e-01
8.158685158844947161e-01
5.708184898099704085e-01
7.581254384643919542e-01
6.129462989015772578e-01
8.158685138418827476e-01
5.708184818905340796e-01
7.581254310411572606e-01
6.129462985448983492e-01
8.158685135445142844e-01
5.708184807376026626e-01
7.581254299604637259e-01
6.129462983579937463e-01
8.158685133886889318e-01
5.708184801334517111e-01
7.581254293941667166e-01
6.129462983387155006e-01
8.158685133726164551e-01
5.708184800711364471e-01
7.581254293357558849e-01
6.129462983376444685e-01
8.158685133717235027e-01
5.708184800676744386e-01
7.581254293325105920e-01
6.129462983371092299e-01
8.158685133712770821e-01
5.708184800659436009e-01
7.581254293308883341e-01
6.129462983368415552e-01
8.158685133710539272e-01
5.708184800650779600e-01
7.581254293300772051e-01
6.129462983366004147e-01
8.158685133708528658e-01
5.708184800642990275e-01
7.581254293293466784e-01
6.129462983365872031e-01
8.158685133708419857e-01
5.708184800642557288e-01
7.581254293293064883e-01
6.129462983365877582e-01
8.158685133708423187e-01
5.708184800642560619e-01
7.581254293293070434e-01
6.129462983446360980e-01
8.158685133745904317e-01
5.708184800710004447e-01
7.581254293316961324e-01
6.129462983232708551e-01
8.158685133644981713e-01
5.708184800518680824e-01
7.581254293228142371e-01
6.129462983365497886e-01
8.158685133708167836e-01
5.708184800641727952e-01
7.581254293292356561e-01
6.129462981496883733e-01
8.158685132436340748e-01
5.708184796522315363e-01
7.581254289749905784e-01
6.129462983960692890e-01
8.158685134020827734e-01
5.708184801383574536e-01
7.581254293779656761e-01
6.129462983232121243e-01
8.158685133642902265e-01
5.708184800519028324e-01
7.581254293228539831e-01
6.129540026710039724e-01
8.158738704556908194e-01
5.708362254689043347e-01
7.581408744849157388e-01
6.129470687678293395e-01
8.158690490785186489e-01
5.708202545922516080e-01
7.581269738378283440e-01
6.129463753796896563e-01
8.158685669416020358e-01
5.708186575169307275e-01
7.581255837800887631e-01
6.129463338755818391e-01
8.158685380823462729e-01
5.708185619208951955e-01
7.581255005754695686e-01
6.129463338836301789e-01
8.158685380860942749e-01
5.708185619276394673e-01
7.581255005778586575e-01
6.129463338622648250e-01
8.158685380760022365e-01
5.708185619085068829e-01
7.581255005689767623e-01
6.129463338755440915e-01
8.158685380823205158e-01
5.708185619208121508e-01
7.581255005753981813e-01
6.129463336886823432e-01
8.158685379551378070e-01
5.708185615088702258e-01
7.581255002211528815e-01
6.129463339350632589e-01
8.158685381135865056e-01
5.708185619949963652e-01
7.581255006241282013e-01
6.129463338622060942e-01
8.158685380757942918e-01
5.708185619085415219e-01
7.581255005690166193e-01
6.129445379731902621e-01
8.158676555805907116e-01
5.708168845413550407e-01
7.581246135443746592e-01
6.129445379812386019e-01
8.158676555843388245e-01
5.708168845480996456e-01
7.581246135467637481e-01
6.129445379598731369e-01
8.158676555742468972e-01
5.708168845289667281e-01
7.581246135378817419e-01
6.129445379731522925e-01
8.158676555805651764e-01
5.708168845412716630e-01
7.581246135443032719e-01
6.129445377862913213e-01
8.158676554533825787e-01
5.708168841293305151e-01
7.581246131900583052e-01
6.129445380326716819e-01
8.158676556118310552e-01
5.708168846154563214e-01
7.581246135930336250e-01
6.129445379598144061e-01
8.158676555740387304e-01
5.708168845290013671e-01
7.581246135379219320e-01
6.129445832204923894e-01
8.158676904815131969e-01
5.708170118483960609e-01
7.581247297289880338e-01
6.129445832285409512e-01
8.158676904852609768e-01
5.708170118551399996e-01
7.581247297313773448e-01
6.129445832071754863e-01
8.158676904751690495e-01
5.708170118360078593e-01
7.581247297224954496e-01
6.129445832204546418e-01
8.158676904814873287e-01
5.708170118483126831e-01
7.581247297289166465e-01
6.129445830335934486e-01
8.158676903543047310e-01
5.708170114363714243e-01
7.581247293746716798e-01
6.129445832799739202e-01
8.158676905127532075e-01
5.708170119224970085e-01
7.581247297776466665e-01
6.129445832071168665e-01
8.158676904749607717e-01
5.708170118360421652e-01
7.581247297225353066e-01
6.130286968258620295e-01
8.159359225135932592e-01
5.710762058212454084e-01
7.583655643102992228e-01
6.129529942733570325e-01
8.158745135228294698e-01
5.708429284890801370e-01
7.581488113982864929e-01
6.129454243227021593e-01
8.158683727840257971e-01
5.708196034848985745e-01
7.581271378780297665e-01
6.129448079446186970e-01
8.158678727778505557e-01
5.708177042766302556e-01
7.581253731335794166e-01
6.129448079526674809e-01
8.158678727815984466e-01
5.708177042833746384e-01
7.581253731359683945e-01
6.129448079313019049e-01
8.158678727715065193e-01
5.708177042642421650e-01
7.581253731270868323e-01
6.129448079445809494e-01
8.158678727778246875e-01
5.708177042765470999e-01
7.581253731335082513e-01
6.129448077577198672e-01
8.158678726506420897e-01
5.708177038646057300e-01
7.581253727792627295e-01
6.129448080040992286e-01
8.158678728090903443e-01
5.708177043507305370e-01
7.581253731822376052e-01
6.129448079312432851e-01
8.158678727712984635e-01
5.708177042642764709e-01
7.581253731271265783e-01
6.129447137238763776e-01
8.158677982997192268e-01
5.708174270783646920e-01
7.581251178454908590e-01
6.129447137319249395e-01
8.158677983034666736e-01
5.708174270851088528e-01
7.581251178478799480e-01
6.129447137105591414e-01
8.158677982933750794e-01
5.708174270659764904e-01
7.581251178389978307e-01
6.129447137238386301e-01
8.158677982996933586e-01
5.708174270782813142e-01
7.581251178454190276e-01
6.129447135369773259e-01
8.158677981725107609e-01
5.708174266663400553e-01
7.581251174911743940e-01
6.129447137833573533e-01
8.158677983309592374e-01
5.708174271524653065e-01
7.581251178941491586e-01
6.129447137105006327e-01
8.158677982931671346e-01
5.708174270660110183e-01
7.581251178390381318e-01
6.129448915372298634e-01
8.158678300112308657e-01
5.708172194052588688e-01
7.581247932903140141e-01
6.129448915452783142e-01
8.158678300149790896e-01
5.708172194120030296e-01
7.581247932927029920e-01
6.129448915239129603e-01
8.158678300048871623e-01
5.708172193928708893e-01
7.581247932838206527e-01
6.129448915371918938e-01
8.158678300112053305e-01
5.708172194051757131e-01
7.581247932902421827e-01
6.129448913503307006e-01
8.158678298840223997e-01
5.708172189932343432e-01
7.581247929359974380e-01
6.129448915967112832e-01
8.158678300424713203e-01
5.708172194793597054e-01
7.581247933389725358e-01
6.129448915238540074e-01
8.158678300046788845e-01
5.708172193929048621e-01
7.581247932838608428e-01
6.129448037948360684e-01
8.158678323424449763e-01
5.708174425994627654e-01
7.581250866372010178e-01
6.129448486792276052e-01
8.158678311499184543e-01
5.708173284250432911e-01
7.581249365763580439e-01
6.129448683865584835e-01
8.158678306263175140e-01
5.708172782946376866e-01
7.581248706893494171e-01
6.129448683946072673e-01
8.158678306300654048e-01
5.708172783013820695e-01
7.581248706917386171e-01
6.129448683732415804e-01
8.158678306199734775e-01
5.708172782822494851e-01
7.581248706828562778e-01
6.129448683865207359e-01
8.158678306262916458e-01
5.708172782945545309e-01
7.581248706892776967e-01
6.129448681996596537e-01
8.158678304991090480e-01
5.708172778826130500e-01
7.581248703350327300e-01
6.129448684460401253e-01
8.158678306575578576e-01
5.708172783687390783e-01
7.581248707380080498e-01
6.129448683731826275e-01
8.158678306197654218e-01
5.708172782822840130e-01
7.581248706828966899e-01
6.129448103039525364e-01
8.158680123874774148e-01
5.708186360684898153e-01
7.581263999662877229e-01
6.129448530307427534e-01
8.158678786801274452e-01
5.708176372612141503e-01
7.581252749977310801e-01
6.129448611998451479e-01
8.158678531160995506e-01
5.708174462954570538e-01
7.581250599107001165e-01
6.129448644423393100e-01
8.158678429691862410e-01
5.708173704970409545e-01
7.581249745380284066e-01
6.129448644503876498e-01
8.158678429729341319e-01
5.708173705037851153e-01
7.581249745404174956e-01
6.129448644290222958e-01
8.158678429628422046e-01
5.708173704846527530e-01
7.581249745315353783e-01
6.129448644423015624e-01
8.158678429691603728e-01
5.708173704969579099e-01
7.581249745379569083e-01
6.129448642554401472e-01
8.158678428419776640e-01
5.708173700850164289e-01
7.581249741837119416e-01
6.129448645018188424e-01
8.158678430004256965e-01
5.708173705711397927e-01
7.581249745866863732e-01
6.129448644289634540e-01
8.158678429626341488e-01
5.708173704846872809e-01
7.581249745315756794e-01
9.454633801235148294e-01
9.676406292252414110e-01
8.776538852827515669e-01
9.079809580060407281e-01
9.454633801335109444e-01
9.676406292293232569e-01
8.776538852911142108e-01
9.079809580086548593e-01
9.454633801069756149e-01
9.676406292183327151e-01
8.776538852673905211e-01
9.079809579989349677e-01
9.454633801234679780e-01
9.676406292252135444e-01
8.776538852826485382e-01
9.079809580059621243e-01
9.454633798913918419e-01
9.676406290867056725e-01
8.776538847718516889e-01
9.079809576182835684e-01
9.454633801973890694e-01
9.676406292592637515e-01
8.776538853746352897e-01
9.079809580592916873e-01
9.454633801233346402e-01
9.676406292251086283e-01
8.776538852826551995e-01
9.079809580058399998e-01
3.114308066632091254e+01
8.112955033947084615e+00
1.920619573321977498e+02
1.235460495725404257e+02
1.056733374868460418e-01
3.632787081262189854e-01
2.871830661403480534e-01
2.359333940366405147e-02
8.239199092122380108e-01
8.941850821018345608e-01
6.235109791152372294e-01
7.107403505975320446e-01
9.095876717180200188e-01
9.461786307825952314e-01
7.999825952845293076e-01
8.487074071638148753e-01
9.095876717278247314e-01
9.461786307866313361e-01
7.999825952925133654e-01
8.487074071663425201e-01
9.095876717017976620e-01
9.461786307757632519e-01
7.999825952698635945e-01
8.487074071569448153e-01
9.095876717179433024e-01
9.461786307825489351e-01
7.999825952843647725e-01
8.487074071636883099e-01
9.095876714903256000e-01
9.461786306455989282e-01
7.999825947967450501e-01
8.487074067887515616e-01
9.095876718390222271e-01
9.461786308387758471e-01
7.999825954310205711e-01
8.487074072498207444e-01
9.095876717178431603e-01
9.461786307824636699e-01
7.999825952844369370e-01
8.487074071636211414e-01
8.553574383251002500e-01
9.242655829020496316e-01
7.586250866598799325e-01
8.332402636294313769e-01
8.553574383346080889e-01
9.242655829060387740e-01
7.586250866676550464e-01
8.332402636319357070e-01
8.553574383093687228e-01
9.242655828952972552e-01
7.586250866455985786e-01
8.332402636226244885e-01
8.553574383250308610e-01
9.242655829020071101e-01
7.586250866597312736e-01
8.332402636293150255e-01
8.553574381043008712e-01
9.242655827666498292e-01
7.586250861848746752e-01
8.332402632578331803e-01
8.553574384339687198e-01
9.242655829535675327e-01
7.586250867922360586e-01
8.332402637084930230e-01
8.553574383249287205e-01
9.242655829019196245e-01
7.586250866597901155e-01
8.332402636292391973e-01
6.487526585869453077e-01
8.365164004569173306e-01
6.002376311202280990e-01
7.718734912127077630e-01
6.487526585952252400e-01
8.365164004607125170e-01
6.002376311271435672e-01
7.718734912151179461e-01
6.487526585732451556e-01
8.365164004504936912e-01
6.002376311075243720e-01
7.718734912061562259e-01
6.487526585869050066e-01
8.365164004568905742e-01
6.002376311201399472e-01
7.718734912126327119e-01
6.487526583946636727e-01
8.365164003281091443e-01
6.002376306977181830e-01
7.718734908551838636e-01
6.487526586501460857e-01
8.365164004895878636e-01
6.002376311987067670e-01
7.718734912634163114e-01
6.487526585867959827e-01
8.365164004567938738e-01
6.002376311201482739e-01
7.718734912125226888e-01
6.149012044960125989e-01
8.213438423253600629e-01
5.740456172232411003e-01
7.612949452908687187e-01
6.149012045040740393e-01
8.213438423291207213e-01
5.740456172300044679e-01
7.612949452932628036e-01
6.149012044826742684e-01
8.213438423189949322e-01
5.740456172108180377e-01
7.612949452843622566e-01
6.149012044959771828e-01
8.213438423253360821e-01
5.740456172231627185e-01
7.612949452908013281e-01
6.149012043088168955e-01
8.213438421977259374e-01
5.740456168100538381e-01
7.612949449358271670e-01
6.149012045519360870e-01
8.213438423547829714e-01
5.740456172929949696e-01
7.612949453366377739e-01
6.149012044958674927e-01
8.213438423252377163e-01
5.740456172231629406e-01
7.612949452906853098e-01
6.149106550646548097e-01
8.213508691850363030e-01
5.740701142096359400e-01
7.613168857771795972e-01
6.149106550727160281e-01
8.213508691887967395e-01
5.740701142163994186e-01
7.613168857795736821e-01
6.149106550513162572e-01
8.213508691786709504e-01
5.740701141972126553e-01
7.613168857706731352e-01
6.149106550646191716e-01
8.213508691850119892e-01
5.740701142095577802e-01
7.613168857771123177e-01
6.149106548774575520e-01
8.213508690574014004e-01
5.740701137964400180e-01
7.613168854221330495e-01
6.149106551205616444e-01
8.213508692144503298e-01
5.740701142793704914e-01
7.613168858229353297e-01
6.149106550645091485e-01
8.213508691849137344e-01
5.740701142095580023e-01
7.613168857769961884e-01
6.149046546380118050e-01
8.213482603367645574e-01
5.740661133849845887e-01
7.613157122202341975e-01
6.149046546460728013e-01
8.213482603405253268e-01
5.740661133917477343e-01
7.613157122226282825e-01
6.149046546246733635e-01
8.213482603303995377e-01
5.740661133725609711e-01
7.613157122137277355e-01
6.149046546379758338e-01
8.213482603367405765e-01
5.740661133849059850e-01
7.613157122201669180e-01
6.149046544508151024e-01
8.213482602091300988e-01
5.740661129717894440e-01
7.613157118651878719e-01
6.149046546939167524e-01
8.213482603661776960e-01
5.740661134547166977e-01
7.613157122659887088e-01
6.149046546378659217e-01
8.213482603366422108e-01
5.740661133849062070e-01
7.613157122200507887e-01
6.149059682770937618e-01
8.213487658080156351e-01
5.740665797586863572e-01
7.613155169607352946e-01
6.149059682851555353e-01
8.213487658117760715e-01
5.740665797654497249e-01
7.613155169631292685e-01
6.149059682637558755e-01
8.213487658016502824e-01
5.740665797462629616e-01
7.613155169542287215e-01
6.149059682770584567e-01
8.213487658079914322e-01
5.740665797586078645e-01
7.613155169606679040e-01
6.149059680898973923e-01
8.213487656803808434e-01
5.740665793454913235e-01
7.613155166056888579e-01
6.149059683329985981e-01
8.213487658374288847e-01
5.740665798284182442e-01
7.613155170064896948e-01
6.149059682769488777e-01
8.213487658078930664e-01
5.740665797586084196e-01
7.613155169605515526e-01
6.149679291613108223e-01
8.213739350934293748e-01
5.740968581225721623e-01
7.613154512149021835e-01
6.149121642286974332e-01
8.213512827216746803e-01
5.740696075671313237e-01
7.613155103936107837e-01
6.149082071187359499e-01
8.213496752692146519e-01
5.740676738262718848e-01
7.613155145879615393e-01
6.149071809646365905e-01
8.213492584255254192e-01
5.740671723698025364e-01
7.613155156755285757e-01
6.149071809726980309e-01
8.213492584292858556e-01
5.740671723765660150e-01
7.613155156779224386e-01
6.149071809512980380e-01
8.213492584191602885e-01
5.740671723573791407e-01
7.613155156690220027e-01
6.149071809646010633e-01
8.213492584255012163e-01
5.740671723697239326e-01
7.613155156754612962e-01
6.149071807774394438e-01
8.213492582978909606e-01
5.740671719566073916e-01
7.613155153204823611e-01
6.149071810205422040e-01
8.213492584549392239e-01
5.740671724395359776e-01
7.613155157212839752e-01
6.149071809644911513e-01
8.213492584254030726e-01
5.740671723697247097e-01
7.613155156753448338e-01
6.149071688459740725e-01
8.213493154392405016e-01
5.740675526730689704e-01
7.613159421653368231e-01
6.149071688540357350e-01
8.213493154430012710e-01
5.740675526798323380e-01
7.613159421677310190e-01
6.149071688326358531e-01
8.213493154328754819e-01
5.740675526606456858e-01
7.613159421588302500e-01
6.149071688459385454e-01
8.213493154392165208e-01
5.740675526729906997e-01
7.613159421652695436e-01
6.149071686587773700e-01
8.213493153116060430e-01
5.740675522598736036e-01
7.613159418102903864e-01
6.149071689018800191e-01
8.213493154686546394e-01
5.740675527428023006e-01
7.613159422110920005e-01
6.149071688458288554e-01
8.213493154391182660e-01
5.740675526729906997e-01
7.613159421651534142e-01
6.149075236438896752e-01
8.213494897369498782e-01
5.740679142008088265e-01
7.613161495441124194e-01
6.149075236519510046e-01
8.213494897407102036e-01
5.740679142075720831e-01
7.613161495465065043e-01
6.149075236305514558e-01
8.213494897305845255e-01
5.740679141883850978e-01
7.613161495376055132e-01
6.149075236438543701e-01
8.213494897369255643e-01
5.740679142007301117e-01
7.613161495440450288e-01
6.149075234566927506e-01
8.213494896093149755e-01
5.740679137876131266e-01
7.613161491890656496e-01
6.149075236997953997e-01
8.213494897663636829e-01
5.740679142705418236e-01
7.613161495898674858e-01
6.149075236437442360e-01
8.213494897368273095e-01
5.740679142007306668e-01
7.613161495439290105e-01
6.149079300360770217e-01
8.213497017033695169e-01
5.740684051430607893e-01
7.613164719298417538e-01
6.149079300441384621e-01
8.213497017071300643e-01
5.740684051498240459e-01
7.613164719322355056e-01
6.149079300227389133e-01
8.213497016970041642e-01
5.740684051306373936e-01
7.613164719233351807e-01
6.149079300360412725e-01
8.213497017033454251e-01
5.740684051429824075e-01
7.613164719297744742e-01
6.149079298488799861e-01
8.213497015757347253e-01
5.740684047298652004e-01
7.613164715747946509e-01
6.149079300919820801e-01
8.213497017327827665e-01
5.740684052127934534e-01
7.613164719755965981e-01
6.149079300359318045e-01
8.213497017032469483e-01
5.740684051429829626e-01
7.613164719296579008e-01
6.149189037934169599e-01
8.213552785448905436e-01
5.740807463060570992e-01
7.613241661227190260e-01
6.149107854146481644e-01
8.213511528039562082e-01
5.740716163189244492e-01
7.613184739661595923e-01
6.149107854227093828e-01
8.213511528077166446e-01
5.740716163256877058e-01
7.613184739685534552e-01
6.149107854013095009e-01
8.213511527975910775e-01
5.740716163065010536e-01
7.613184739596526862e-01
6.149107854146124152e-01
8.213511528039318943e-01
5.740716163188458454e-01
7.613184739660919798e-01
6.149107852274502406e-01
8.213511526763211945e-01
5.740716159057274171e-01
7.613184736111122675e-01
6.149107854705534448e-01
8.213511528333696798e-01
5.740716163886570023e-01
7.613184740119141036e-01
6.149107854145023921e-01
8.213511528038335285e-01
5.740716163188461785e-01
7.613184739659758504e-01
6.150695938097545667e-01
8.214308075483411908e-01
5.742436782590154554e-01
7.614226005877265946e-01
6.149266653051619347e-01
8.213591180866478547e-01
5.740888212946609892e-01
7.613288862584707273e-01
6.149132776292961511e-01
8.213524028919555464e-01
5.740743164917083696e-01
7.613201080911756735e-01
6.149116982034791290e-01
8.213516106564989760e-01
5.740726052735716234e-01
7.613190724745840798e-01
6.149111821604313910e-01
8.213513518106518863e-01
5.740720461703392452e-01
7.613187341092578775e-01
6.149109690693713715e-01
8.213512449247123426e-01
5.740718152983330658e-01
7.613185943871251249e-01
6.149108727805583374e-01
8.213511966264822606e-01
5.740717109749001734e-01
7.613185312513046643e-01
6.149108275110531929e-01
8.213511739194099270e-01
5.740716619279756516e-01
7.613185015684437174e-01
6.149108058204583172e-01
8.213511630394607632e-01
5.740716384274544559e-01
7.613184873460899782e-01
6.149107953398867954e-01
8.213511577824316179e-01
5.740716270723535963e-01
7.613184804740610323e-01
6.149107902578812013e-01
8.213511552333101484e-01
5.740716215662906574e-01
7.613184771418297636e-01
6.149107902659428637e-01
8.213511552370705848e-01
5.740716215730544691e-01
7.613184771442238485e-01
6.149107902445428708e-01
8.213511552269450178e-01
5.740716215538672618e-01
7.613184771353230795e-01
6.149107902578456741e-01
8.213511552332858345e-01
5.740716215662127198e-01
7.613184771417623731e-01
6.149107900706839436e-01
8.213511551056754678e-01
5.740716211530941804e-01
7.613184767867827718e-01
6.149107903137865927e-01
8.213511552627236201e-01
5.740716216360236546e-01
7.613184771875842749e-01
6.149107902577357621e-01
8.213511552331878018e-01
5.740716215662130528e-01
7.613184771416463548e-01
6.149106169739170236e-01
8.213510370366673419e-01
5.740712387796029770e-01
7.613181481513343618e-01
6.149106169819785750e-01
8.213510370404277783e-01
5.740712387863668997e-01
7.613181481537287798e-01
6.149106169605788041e-01
8.213510370303022112e-01
5.740712387671799144e-01
7.613181481448278998e-01
6.149106169738814964e-01
8.213510370366431390e-01
5.740712387795245952e-01
7.613181481512670823e-01
6.149106167867196548e-01
8.213510369090326613e-01
5.740712383664061669e-01
7.613181477962871480e-01
6.149106170298218599e-01
8.213510370660805915e-01
5.740712388493345308e-01
7.613181481970888731e-01
6.149106169737716954e-01
8.213510370365449953e-01
5.740712387795250393e-01
7.613181481511505089e-01
6.149080130734568828e-01
8.213491595419305513e-01
5.740648545590025797e-01
7.613125064250724217e-01
6.149099509113630235e-01
8.213505567846346445e-01
5.740696057311042155e-01
7.613167050298241811e-01
6.149099509194245750e-01
8.213505567883950809e-01
5.740696057378675832e-01
7.613167050322179330e-01
6.149099508980245821e-01
8.213505567782692918e-01
5.740696057186805978e-01
7.613167050233176081e-01
6.149099509113274964e-01
8.213505567846103306e-01
5.740696057310259448e-01
7.613167050297567906e-01
6.149099507241655438e-01
8.213505566569997418e-01
5.740696053179080716e-01
7.613167046747771893e-01
6.149099509672680819e-01
8.213505568140481161e-01
5.740696058008362135e-01
7.613167050755790255e-01
6.149099509112176953e-01
8.213505567845120758e-01
5.740696057310262779e-01
7.613167050296404392e-01
6.149099944291619435e-01
8.213505893280164116e-01
5.740697196967254889e-01
7.613168073439612327e-01
6.149099944372236060e-01
8.213505893317768480e-01
5.740697197034888566e-01
7.613168073463553176e-01
6.149099944158237241e-01
8.213505893216510589e-01
5.740697196843022043e-01
7.613168073374545486e-01
6.149099944291266384e-01
8.213505893279920977e-01
5.740697196966472182e-01
7.613168073438938421e-01
6.149099942419646858e-01
8.213505892003817310e-01
5.740697192835296780e-01
7.613168069889142409e-01
6.149099944850684452e-01
8.213505893574302164e-01
5.740697197664594853e-01
7.613168073897165211e-01
6.149099944290166153e-01
8.213505893278940651e-01
5.740697196966474403e-01
7.613168073437776018e-01
6.149100379469656374e-01
8.213506218714003992e-01
5.740698336623646370e-01
7.613169096581099415e-01
6.149100129601382525e-01
8.213506031858085477e-01
5.740697682261625134e-01
7.613168509119007110e-01
6.149100046172494283e-01
8.213505969468487544e-01
5.740697463775732423e-01
7.613168312970425289e-01
6.149100046253110907e-01
8.213505969506091908e-01
5.740697463843366100e-01
7.613168312994366138e-01
6.149100046039110978e-01
8.213505969404834017e-01
5.740697463651497356e-01
7.613168312905360668e-01
6.149100046172141232e-01
8.213505969468245516e-01
5.740697463774947495e-01
7.613168312969752494e-01
6.149100044300520596e-01
8.213505968192138518e-01
5.740697459643768763e-01
7.613168309419955371e-01
6.149100046731558189e-01
8.213505969762626702e-01
5.740697464473071276e-01
7.613168313427980394e-01
6.149100046171043221e-01
8.213505969467262968e-01
5.740697463774953047e-01
7.613168312968591200e-01
6.149099967120132959e-01
8.213505926660519263e-01
5.740697358450048693e-01
7.613168239408886206e-01
6.149099967200746253e-01
8.213505926698123627e-01
5.740697358517683480e-01
7.613168239432824835e-01
6.149099966986748544e-01
8.213505926596865736e-01
5.740697358325814736e-01
7.613168239343817145e-01
6.149099967119773247e-01
8.213505926660277234e-01
5.740697358449267096e-01
7.613168239408210081e-01
6.149099965248155941e-01
8.213505925384170236e-01
5.740697354318090584e-01
7.613168235858416288e-01
6.149099967679195755e-01
8.213505926954658420e-01
5.740697359147388656e-01
7.613168239866437981e-01
6.149099967118677457e-01
8.213505926659296907e-01
5.740697358449269316e-01
7.613168239407048787e-01
6.149097861573384893e-01
8.213504902738266722e-01
5.740695278101660692e-01
7.613167080647961216e-01
6.149097861653997077e-01
8.213504902775874417e-01
5.740695278169294369e-01
7.613167080671898734e-01
6.149097861439999368e-01
8.213504902674616526e-01
5.740695277977425626e-01
7.613167080582895485e-01
6.149097861573027402e-01
8.213504902738024693e-01
5.740695278100875765e-01
7.613167080647287310e-01
6.149097859701410096e-01
8.213504901461921026e-01
5.740695273969700363e-01
7.613167077097491298e-01
6.149097862132448800e-01
8.213504903032408100e-01
5.740695278798999546e-01
7.613167081105515210e-01
6.149097861571930501e-01
8.213504902737044366e-01
5.740695278100877985e-01
7.613167080646123797e-01
6.149096188760323489e-01
8.213504076639297491e-01
5.740693546649573431e-01
7.613166073180400728e-01
6.149096188840939003e-01
8.213504076676901855e-01
5.740693546717209328e-01
7.613166073204342688e-01
6.149096188626941295e-01
8.213504076575643964e-01
5.740693546525338364e-01
7.613166073115339438e-01
6.149096188759969328e-01
8.213504076639055462e-01
5.740693546648791834e-01
7.613166073179730153e-01
6.149096186888350912e-01
8.213504075362948464e-01
5.740693542517616432e-01
7.613166069629935251e-01
6.149096189319390726e-01
8.213504076933436648e-01
5.740693547346913395e-01
7.613166073637954723e-01
6.149096188758872428e-01
8.213504076638072915e-01
5.740693546648794054e-01
7.613166073178565529e-01
6.149084278790493130e-01
8.213498302078378055e-01
5.740681886663491218e-01
7.613159637324476980e-01
6.149084278871105314e-01
8.213498302115983529e-01
5.740681886731121564e-01
7.613159637348417830e-01
6.149084278657113156e-01
8.213498302014724528e-01
5.740681886539255041e-01
7.613159637259411250e-01
6.149084278790140079e-01
8.213498302078137137e-01
5.740681886662705180e-01
7.613159637323804185e-01
6.149084276918523884e-01
8.213498300802030139e-01
5.740681882531531999e-01
7.613159633774010393e-01
6.149084279349552595e-01
8.213498302372517212e-01
5.740681887360816749e-01
7.613159637782030975e-01
6.149084278789040958e-01
8.213498302077153479e-01
5.740681886662707401e-01
7.613159637322638451e-01
6.149024792493454905e-01
8.213469623481671755e-01
5.740624668188625268e-01
7.613128617787090491e-01
6.149068208050447737e-01
8.213490554315013847e-01
5.740666428594457527e-01
7.613151257135449823e-01
6.149076013524265027e-01
8.213494317363693176e-01
5.740673936497108221e-01
7.613155327349920842e-01
6.149076013604881652e-01
8.213494317401295319e-01
5.740673936564741897e-01
7.613155327373862802e-01
6.149076013390881723e-01
8.213494317300039649e-01
5.740673936372876485e-01
7.613155327284855112e-01
6.149076013523909756e-01
8.213494317363447816e-01
5.740673936496325513e-01
7.613155327349248047e-01
6.149076011652294671e-01
8.213494316087345259e-01
5.740673932365156773e-01
7.613155323799455365e-01
6.149076014083328934e-01
8.213494317657831223e-01
5.740673937194449294e-01
7.613155327807478168e-01
6.149076013522810635e-01
8.213494317362467489e-01
5.740673936496328844e-01
7.613155327348087864e-01
6.149081338427202503e-01
8.213496914325534304e-01
5.740679244266171377e-01
7.613158309294025816e-01
6.149078527573058617e-01
8.213495543468530835e-01
5.740676442456459361e-01
7.613156735216605187e-01
6.149077240273560507e-01
8.213494915650925154e-01
5.740675159299093444e-01
7.613156014329235388e-01
6.149076621443907431e-01
8.213494613846901160e-01
5.740674542460650898e-01
7.613155667784783365e-01
6.149076317034425365e-01
8.213494465385997589e-01
5.740674239030667536e-01
7.613155497315544640e-01
6.149076165580155129e-01
8.213494391521550808e-01
5.740674088063727476e-01
7.613155412501184660e-01
6.149076089853614535e-01
8.213494354589617741e-01
5.740674012580853081e-01
7.613155370094341068e-01
6.149076051890137729e-01
8.213494336074778079e-01
5.740673974739528562e-01
7.613155348834799163e-01
6.149076032909454037e-01
8.213494326817875058e-01
5.740673955819922680e-01
7.613155338205622735e-01
6.149076023267155966e-01
8.213494322115311164e-01
5.740673946208649792e-01
7.613155332805940922e-01
6.149076018395709387e-01
8.213494319739501615e-01
5.740673941352880671e-01
7.613155330077928662e-01
9.454633801235157176e-01
9.676406292252420771e-01
8.776538852827520110e-01
9.079809580060413943e-01
9.454633801335117216e-01
9.676406292293237010e-01
8.776538852911145439e-01
9.079809580086558585e-01
9.454633801069763921e-01
9.676406292183332702e-01
8.776538852673907432e-01
9.079809579989356338e-01
9.454633801234687551e-01
9.676406292252142105e-01
8.776538852826488712e-01
9.079809580059631235e-01
9.454633798913923970e-01
9.676406290867061166e-01
8.776538847718516889e-01
9.079809576182846786e-01
9.454633801973899576e-01
9.676406292592644176e-01
8.776538853746356228e-01
9.079809580592923535e-01
3.114308771202931325e+01
8.112956768473043923e+00
1.920619833429531980e+02
1.235460636745399938e+02
1.056733112402633845e-01
3.632786874783031639e-01
2.871831115258903777e-01
2.359334586155209176e-02
8.239199022909873271e-01
8.941850791126728648e-01
6.235109732369467084e-01
7.107403477032261385e-01
9.095876668832876266e-01
9.461786282511784885e-01
7.999825875163216748e-01
8.487074017587353802e-01
9.095876668930918951e-01
9.461786282552144822e-01
7.999825875243056217e-01
8.487074017612630250e-01
9.095876668670651588e-01
9.461786282443463980e-01
7.999825875016558507e-01
8.487074017518654312e-01
9.095876668832106882e-01
9.461786282511320811e-01
7.999825875161569178e-01
8.487074017586085928e-01
9.095876666555932077e-01
9.461786281141820742e-01
7.999825870285377505e-01
8.487074013836720665e-01
9.095876670042877254e-01
9.461786283073584380e-01
7.999825876628106069e-01
8.487074018447406942e-01
8.553581404457472059e-01
9.242660145205093825e-01
7.586266042992373393e-01
8.332414524862259420e-01
8.553581404552550449e-01
9.242660145244984138e-01
7.586266043070123422e-01
8.332414524887307161e-01
8.553581404300157898e-01
9.242660145137568950e-01
7.586266042849558744e-01
8.332414524794190536e-01
8.553581404456779280e-01
9.242660145204668609e-01
7.586266042990885694e-01
8.332414524861095906e-01
8.553581402249476051e-01
9.242660143851096910e-01
7.586266038242316379e-01
8.332414521146274122e-01
8.553581405546152316e-01
9.242660145720267284e-01
7.586266044315925772e-01
8.332414525652870330e-01
6.487532935401173484e-01
8.365166845730998002e-01
6.002381339599444088e-01
7.718737014258255646e-01
6.487532935483977248e-01
8.365166845768947645e-01
6.002381339668602100e-01
7.718737014282361919e-01
6.487532935264167522e-01
8.365166845666759388e-01
6.002381339472410149e-01
7.718737014192740276e-01
6.487532935400772693e-01
8.365166845730727108e-01
6.002381339598562571e-01
7.718737014257512907e-01
6.487532933478357133e-01
8.365166844442912808e-01
6.002381335374343818e-01
7.718737010683021094e-01
6.487532936033177933e-01
8.365166846057701111e-01
6.002381340384219666e-01
7.718737014765342241e-01
6.149055211357334905e-01
8.213458114369429630e-01
5.740490711005010738e-01
7.612964252983245306e-01
6.149055211437949309e-01
8.213458114407032884e-01
5.740490711072643304e-01
7.612964253007182824e-01
6.149055211223952710e-01
8.213458114305776103e-01
5.740490710880782332e-01
7.612964252918180685e-01
6.149055211356979633e-01
8.213458114369186491e-01
5.740490711004230251e-01
7.612964252982571400e-01
6.149055209485371210e-01
8.213458113093086155e-01
5.740490706873128124e-01
7.612964249432826458e-01
6.149055211916567565e-01
8.213458114663657605e-01
5.740490711702550541e-01
7.612964253440936968e-01
6.149118381625693353e-01
8.213514032474730220e-01
5.740710257652000825e-01
7.613172526649367722e-01
6.149118381706306646e-01
8.213514032512333474e-01
5.740710257719632281e-01
7.613172526673308571e-01
6.149118381492310048e-01
8.213514032411076693e-01
5.740710257527765759e-01
7.613172526584298661e-01
6.149118381625338081e-01
8.213514032474487081e-01
5.740710257651217008e-01
7.613172526648694927e-01
6.149118379753719665e-01
8.213514031198383414e-01
5.740710253520039386e-01
7.613172523098900024e-01
6.149118382184763920e-01
8.213514032768871598e-01
5.740710258349348560e-01
7.613172527106923937e-01
6.149024654712501592e-01
8.213473862700586547e-01
5.740651384828647785e-01
7.613158193140104890e-01
6.149074413453825549e-01
8.213495188483742604e-01
5.740682639878025295e-01
7.613165802678151239e-01
6.149074413534438843e-01
8.213495188521346968e-01
5.740682639945658972e-01
7.613165802702090978e-01
6.149074413320443355e-01
8.213495188420091297e-01
5.740682639753791339e-01
7.613165802613082178e-01
6.149074413453473609e-01
8.213495188483500575e-01
5.740682639877240367e-01
7.613165802677474003e-01
6.149074411581859634e-01
8.213495187207396908e-01
5.740682635746072737e-01
7.613165799127685762e-01
6.149074414012863921e-01
8.213495188777872880e-01
5.740682640575334172e-01
7.613165803135693022e-01
6.149072731817128989e-01
8.213493553930373281e-01
5.740675885090851249e-01
7.613159253128504167e-01
6.149072731897741173e-01
8.213493553967979866e-01
5.740675885158484926e-01
7.613159253152446126e-01
6.149072731683745685e-01
8.213493553866719754e-01
5.740675884966616183e-01
7.613159253063438436e-01
6.149072731816775939e-01
8.213493553930133473e-01
5.740675885090068542e-01
7.613159253127833592e-01
6.149072729945161964e-01
8.213493552654026475e-01
5.740675880958900912e-01
7.613159249578039800e-01
6.149072732376181794e-01
8.213493554224511328e-01
5.740675885788181221e-01
7.613159253586055941e-01
6.149057395829533590e-01
8.213484466729080724e-01
5.740650572404173424e-01
7.613139594033739854e-01
6.149069367138667586e-01
8.213491560220997911e-01
5.740670331546724459e-01
7.613154939970742108e-01
6.149071541949463482e-01
8.213492848885229902e-01
5.740673921163799154e-01
7.613157727845469847e-01
6.149072258509659106e-01
8.213493273476389911e-01
5.740675103876776708e-01
7.613158646398968665e-01
6.149072535482109636e-01
8.213493437593868407e-01
5.740675561031565177e-01
7.613159001448017715e-01
6.149072649042721661e-01
8.213493504883161433e-01
5.740675748468182515e-01
7.613159147020572837e-01
6.149072696721147313e-01
8.213493533134577085e-01
5.740675827163447265e-01
7.613159208139212986e-01
6.149072716892363122e-01
8.213493545086842929e-01
5.740675860456894153e-01
7.613159233996553699e-01
6.149072725425688279e-01
8.213493550143187161e-01
5.740675874541509849e-01
7.613159244935362446e-01
6.149072729114827274e-01
8.213493552329150793e-01
5.740675880630591310e-01
7.613159249664447348e-01
6.149072730676999887e-01
8.213493553254800350e-01
5.740675883209021002e-01
7.613159251666982152e-01
