0.03125 0.03125 0.03125 0.03125 0.03125 0.03125 0.03125 0.03125 0.03125 0.03125 0.03125 0.03125 0.03125 0.03125 0.03125 0.03125 0.03125 0.03125 0.03125 0.03125 0.03125 0.03125 0.03125 0.03125 0.03125 0.03125 0.03125 0.03125 0.03125 0.03125 0.03125 0.03125
0.03125 -0.03125 -0.03125 0.03125 -0.03125 0.03125 0.03125 -0.03125 0.03125 -0.03125 -0.03125 0.03125 -0.03125 0.03125 0.03125 -0.03125 0.03125 -0.03125 -0.03125 0.03125 -0.03125 0.03125 0.03125 -0.03125 0.03125 -0.03125 -0.03125 0.03125 -0.03125 0.03125 0.03125 -0.03125
-0.03125 -0.03125 0.03125 0.03125 0.03125 0.03125 -0.03125 -0.03125 -0.03125 -0.03125 0.03125 0.03125 0.03125 0.03125 -0.03125 -0.03125 -0.03125 -0.03125 0.03125 0.03125 0.03125 0.03125 -0.03125 -0.03125 -0.03125 -0.03125 0.03125 0.03125 0.03125 0.03125 -0.03125 -0.03125
0.03125 -0.03125 0.03125 -0.03125 0.03125 -0.03125 0.03125 -0.03125 -0.03125 0.03125 -0.03125 0.03125 -0.03125 0.03125 -0.03125 0.03125 0.03125 -0.03125 0.03125 -0.03125 0.03125 -0.03125 0.03125 -0.03125 -0.03125 0.03125 -0.03125 0.03125 -0.03125 0.03125 -0.03125 0.03125
0.03125 0.03125 -0.03125 -0.03125 -0.03125 0.03125 0.03125 -0.03125 -0.03125 -0.03125 0.03125 0.03125 0.03125 -0.03125 -0.03125 0.03125 -0.03125 -0.03125 0.03125 0.03125 0.03125 -0.03125 -0.03125 0.03125 0.03125 0.03125 -0.03125 -0.03125 -0.03125 0.03125 0.03125 -0.03125
0.03125 -0.03125 -0.03125 0.03125 0.03125 0.03125 -0.03125 -0.03125 -0.03125 0.03125 0.03125 -0.03125 -0.03125 -0.03125 0.03125 0.03125 -0.03125 0.03125 0.03125 -0.03125 -0.03125 -0.03125 0.03125 0.03125 0.03125 -0.03125 -0.03125 0.03125 0.03125 0.03125 -0.03125 -0.03125
-0.03125 0.03125 -0.03125 0.03125 0.03125 -0.03125 0.03125 -0.03125 0.03125 -0.03125 0.03125 -0.03125 -0.03125 0.03125 -0.03125 0.03125 -0.03125 0.03125 -0.03125 0.03125 0.03125 -0.03125 0.03125 -0.03125 0.03125 -0.03125 0.03125 -0.03125 -0.03125 0.03125 -0.03125 0.03125
-0.03125 0.03125 0.03125 -0.03125 0.03125 -0.03125 -0.03125 0.03125 -0.03125 0.03125 0.03125 -0.03125 0.03125 -0.03125 -0.03125 0.03125 0.03125 -0.03125 -0.03125 0.03125 -0.03125 0.03125 0.03125 -0.03125 0.03125 -0.03125 -0.03125 0.03125 -0.03125 0.03125 0.03125 -0.03125
0.03125 0.03125 -0.03125 -0.03125 -0.03125 -0.03125 0.03125 0.03125 0.03125 0.03125 -0.03125 -0.03125 -0.03125 -0.03125 0.03125 0.03125 -0.03125 -0.03125 0.03125 0.03125 0.03125 0.03125 -0.03125 -0.03125 -0.03125 -0.03125 0.03125 0.03125 0.03125 0.03125 -0.03125 -0.03125
-0.03125 0.03125 -0.03125 0.03125 -0.03125 0.03125 -0.03125 0.03125 0.03125 -0.03125 0.03125 -0.03125 0.03125 -0.03125 0.03125 -0.03125 0.03125 -0.03125 0.03125 -0.03125 0.03125 -0.03125 0.03125 -0.03125 -0.03125 0.03125 -0.03125 0.03125 -0.03125 0.03125 -0.03125 0.03125
0.03125 0.03125 -0.03125 -0.03125 -0.03125 0.03125 0.03125 -0.03125 -0.03125 -0.03125 0.03125 0.03125 0.03125 -0.03125 -0.03125 0.03125 0.03125 0.03125 -0.03125 -0.03125 -0.03125 0.03125 0.03125 -0.03125 -0.03125 -0.03125 0.03125 0.03125 0.03125 -0.03125 -0.03125 0.03125
0.03125 -0.03125 -0.03125 0.03125 0.03125 0.03125 -0.03125 -0.03125 -0.03125 0.03125 0.03125 -0.03125 -0.03125 -0.03125 0.03125 0.03125 0.03125 -0.03125 -0.03125 0.03125 0.03125 0.03125 -0.03125 -0.03125 -0.03125 0.03125 0.03125 -0.03125 -0.03125 -0.03125 0.03125 0.03125
0.03125 -0.03125 0.03125 -0.03125 -0.03125 0.03125 -0.03125 0.03125 -0.03125 0.03125 -0.03125 0.03125 0.03125 -0.03125 0.03125 -0.03125 -0.03125 0.03125 -0.03125 0.03125 0.03125 -0.03125 0.03125 -0.03125 0.03125 -0.03125 0.03125 -0.03125 -0.03125 0.03125 -0.03125 0.03125
-0.03125 -0.03125 -0.03125 -0.03125 -0.03125 -0.03125 -0.03125 -0.03125 -0.03125 -0.03125 -0.03125 -0.03125 -0.03125 -0.03125 -0.03125 -0.03125 0.03125 0.03125 0.03125 0.03125 0.03125 0.03125 0.03125 0.03125 0.03125 0.03125 0.03125 0.03125 0.03125 0.03125 0.03125 0.03125
-0.0625 -0.0625 -0.0625 -0.0625 0 0 0 0 0.0625 0.0625 0.0625 0.0625 0 0 0 0 -0.0625 -0.0625 -0.0625 -0.0625 0 0 0 0 0.0625 0.0625 0.0625 0.0625 0 0 0 0
-0.0625 0 0.0625 0 0 0.0625 0 -0.0625 0.0625 0 -0.0625 0 0 -0.0625 0 0.0625 0.0625 0 -0.0625 0 0 -0.0625 0 0.0625 -0.0625 0 0.0625 0 0 0.0625 0 -0.0625
0 0.0625 0 -0.0625 0.0625 0 -0.0625 0 0 -0.0625 0 0.0625 -0.0625 0 0.0625 0 0 -0.0625 0 0.0625 -0.0625 0 0.0625 0 0 0.0625 0 -0.0625 0.0625 0 -0.0625 0
-0.0625 0 0.0625 0 -0.0625 0 0.0625 0 -0.0625 0 0.0625 0 -0.0625 0 0.0625 0 -0.0625 0 0.0625 0 -0.0625 0 0.0625 0 -0.0625 0 0.0625 0 -0.0625 0 0.0625 0
0 -0.0625 0 0.0625 0 -0.0625 0 0.0625 0 -0.0625 0 0.0625 0 -0.0625 0 0.0625 0 -0.0625 0 0.0625 0 -0.0625 0 0.0625 0 -0.0625 0 0.0625 0 -0.0625 0 0.0625
0 0 0 0 -0.0625 -0.0625 -0.0625 -0.0625 0 0 0 0 0.0625 0.0625 0.0625 0.0625 0 0 0 0 -0.0625 -0.0625 -0.0625 -0.0625 0 0 0 0 0.0625 0.0625 0.0625 0.0625
-0.03125 -0.03125 -0.03125 -0.03125 0.03125 0.03125 0.03125 0.03125 -0.03125 -0.03125 -0.03125 -0.03125 0.03125 0.03125 0.03125 0.03125 -0.03125 -0.03125 -0.03125 -0.03125 0.03125 0.03125 0.03125 0.03125 -0.03125 -0.03125 -0.03125 -0.03125 0.03125 0.03125 0.03125 0.03125
-0.03125 0.03125 -0.03125 0.03125 0.03125 -0.03125 0.03125 -0.03125 -0.03125 0.03125 -0.03125 0.03125 0.03125 -0.03125 0.03125 -0.03125 -0.03125 0.03125 -0.03125 0.03125 0.03125 -0.03125 0.03125 -0.03125 -0.03125 0.03125 -0.03125 0.03125 0.03125 -0.03125 0.03125 -0.03125
-0.03125 0.03125 -0.03125 0.03125 -0.03125 0.03125 -0.03125 0.03125 -0.03125 0.03125 -0.03125 0.03125 -0.03125 0.03125 -0.03125 0.03125 -0.03125 0.03125 -0.03125 0.03125 -0.03125 0.03125 -0.03125 0.03125 -0.03125 0.03125 -0.03125 0.03125 -0.03125 0.03125 -0.03125 0.03125
0 0 0 0 0.0625 0.0625 0.0625 0.0625 0 0 0 0 -0.0625 -0.0625 -0.0625 -0.0625 0 0 0 0 -0.0625 -0.0625 -0.0625 -0.0625 0 0 0 0 0.0625 0.0625 0.0625 0.0625
0 -0.0625 0 0.0625 -0.0625 0 0.0625 0 0 0.0625 0 -0.0625 0.0625 0 -0.0625 0 0 -0.0625 0 0.0625 -0.0625 0 0.0625 0 0 0.0625 0 -0.0625 0.0625 0 -0.0625 0
-0.0625 0 0.0625 0 0 0.0625 0 -0.0625 0.0625 0 -0.0625 0 0 -0.0625 0 0.0625 -0.0625 0 0.0625 0 0 0.0625 0 -0.0625 0.0625 0 -0.0625 0 0 -0.0625 0 0.0625
0 0.0625 0 -0.0625 0 0.0625 0 -0.0625 0 0.0625 0 -0.0625 0 0.0625 0 -0.0625 0 -0.0625 0 0.0625 0 -0.0625 0 0.0625 0 -0.0625 0 0.0625 0 -0.0625 0 0.0625
-0.0625 0 0.0625 0 -0.0625 0 0.0625 0 -0.0625 0 0.0625 0 -0.0625 0 0.0625 0 0.0625 0 -0.0625 0 0.0625 0 -0.0625 0 0.0625 0 -0.0625 0 0.0625 0 -0.0625 0
-0.0625 -0.0625 -0.0625 -0.0625 0 0 0 0 0.0625 0.0625 0.0625 0.0625 0 0 0 0 0.0625 0.0625 0.0625 0.0625 0 0 0 0 -0.0625 -0.0625 -0.0625 -0.0625 0 0 0 0
0.03125 0.03125 0.03125 0.03125 -0.03125 -0.03125 -0.03125 -0.03125 0.03125 0.03125 0.03125 0.03125 -0.03125 -0.03125 -0.03125 -0.03125 -0.03125 -0.03125 -0.03125 -0.03125 0.03125 0.03125 0.03125 0.03125 -0.03125 -0.03125 -0.03125 -0.03125 0.03125 0.03125 0.03125 0.03125
0.03125 -0.03125 0.03125 -0.03125 -0.03125 0.03125 -0.03125 0.03125 0.03125 -0.03125 0.03125 -0.03125 -0.03125 0.03125 -0.03125 0.03125 -0.03125 0.03125 -0.03125 0.03125 0.03125 -0.03125 0.03125 -0.03125 -0.03125 0.03125 -0.03125 0.03125 0.03125 -0.03125 0.03125 -0.03125
0.03125 -0.03125 0.03125 -0.03125 0.03125 -0.03125 0.03125 -0.03125 0.03125 -0.03125 0.03125 -0.03125 0.03125 -0.03125 0.03125 -0.03125 -0.03125 0.03125 -0.03125 0.03125 -0.03125 0.03125 -0.03125 0.03125 -0.03125 0.03125 -0.03125 0.03125 -0.03125 0.03125 -0.03125 0.03125
