 0.00     -11.26     231.77     -11.47
 0.06     -10.30     230.48     -10.92
 0.11      -9.59     229.34     -10.28
 0.17      -8.71     226.98     -10.31
 0.23     -10.04     226.01     -10.39
 0.28      -8.49     225.12     -10.71
 0.34      -9.66     225.44      -8.38
 0.40      -6.69     224.64      -8.16
 0.45      -7.65     224.03      -8.06
 0.51      -7.54     223.67      -8.10
 0.57      -7.01     222.93      -7.86
 0.62      -7.22     222.42      -7.91
 0.68      -7.11     221.89      -7.84
 0.74      -6.88     221.28      -7.80
 0.80      -6.85     221.09      -7.66
 0.85      -6.63     219.91      -7.72
 0.91      -6.81     219.47      -8.75
 0.97      -7.43     220.38      -7.13
 1.02      -5.92     219.84      -7.02
 1.08      -6.85     218.66      -7.13
 1.14      -6.39     219.14      -7.31
 1.19      -6.73     218.90      -7.29
 1.25      -6.54     218.48      -7.16
 1.31      -6.43     218.17      -7.16
 1.36      -6.07     217.89      -7.01
 1.42      -6.02     217.46      -7.19
 1.48      -6.79     217.69      -6.80
 1.54      -6.81     217.21      -6.80
 1.59      -6.51     216.95      -6.77
 1.65      -6.32     216.63      -6.74
 1.71      -5.62     216.35      -6.86
 1.76      -5.90     215.73      -6.96
 1.82      -6.15     216.38      -6.88
 1.88      -5.53     215.90      -6.91
 1.94      -5.96     215.57      -7.18
 1.99      -6.77     215.29      -7.62
 2.05      -6.75     215.44      -6.81
 2.11      -5.58     214.99      -7.26
 2.17      -6.71     214.51      -7.92
 2.22      -7.70     214.80      -7.19
 2.28      -6.29     214.08      -7.81
 2.34      -6.54     212.87      -8.15
 2.39      -8.62     214.27      -6.81
 2.45      -5.77     213.87      -6.79
 2.51      -5.15     213.91      -6.57
 2.56      -6.02     213.27      -7.06
 2.62      -6.28     213.27      -6.77
 2.68      -6.22     213.27      -6.97
 2.73      -5.70     213.22      -7.38
 2.79      -6.71     213.11      -7.27
 2.85      -5.98     213.40      -7.34
 2.91      -6.83     213.14      -7.13
 2.96      -6.49     212.71      -7.10
 3.02      -6.45     212.29      -7.44
 3.08      -6.13     212.49      -7.33
 3.13      -6.11     212.72      -7.21
 3.19      -6.39     212.52      -6.80
 3.25      -7.05     212.03      -6.97
 3.30      -7.08     211.54      -6.93
 3.36      -7.18     211.88      -7.03
 3.42      -5.83     211.77      -7.04
 3.48      -6.60     211.43      -6.93
 3.53      -5.77     211.20      -6.93
 3.59      -7.41     211.27      -7.01
 3.65      -6.88     211.67      -7.12
 3.70      -5.45     211.08      -7.40
 3.76      -5.94     211.10      -7.16
 3.82      -6.71     210.94      -7.27
 3.87      -6.79     210.79      -7.45
 3.93      -7.41     210.69      -7.44
 3.99      -6.79     210.63      -7.55
 4.05      -6.12     210.36      -7.81
 4.10      -7.93     210.40      -7.55
 4.16      -6.98     210.17      -7.49
 4.22      -6.71     210.23      -7.49
 4.27      -7.30     210.12      -6.82
 4.33      -5.90     210.22      -7.54
 4.39      -6.52     210.12      -7.72
 4.44      -6.47     209.66      -7.51
 4.50      -7.64     209.91      -7.55
 4.56      -6.19     209.43      -7.64
 4.62      -6.85     209.78      -6.53
 4.67      -5.57     209.51      -7.49
 4.73      -7.25     209.57      -7.57
 4.79      -6.86     209.29      -7.53
 4.84      -7.59     209.04      -7.44
 4.90      -7.24     209.19      -7.39
 4.96      -6.79     208.98      -7.32
 5.02      -6.66     208.84      -7.38
 5.07      -7.07     208.92      -7.35
 5.13      -6.52     208.77      -6.86
 5.19      -6.71     208.88      -7.38
 5.25      -6.98     208.68      -7.48
 5.30      -7.18     208.48      -7.40
 5.36      -6.28     208.68      -7.56
 5.42      -6.66     208.42      -7.66
 5.47      -6.77     208.45      -7.32
 5.53      -6.43     208.51      -7.64
 5.59      -7.11     207.92      -7.43
 5.65      -7.18     208.41      -7.50
 5.70      -7.13     207.87      -7.42
 5.76      -6.13     207.80      -7.55
 5.82      -7.36     207.77      -7.69
 5.87      -6.62     207.46      -7.60
 5.93      -6.58     207.56      -7.22
 5.99      -6.30     207.36      -7.14
 6.05      -5.83     207.50      -6.96
 6.10      -7.60     207.14      -7.19
 6.16      -6.75     207.84      -7.44
 6.22      -7.28     207.07      -7.36
 6.27      -7.36     206.86      -7.41
 6.33      -6.81     207.32      -7.48
 6.39      -6.60     206.76      -7.48
 6.45      -6.11     206.83      -7.45
 6.50      -6.94     206.59      -7.33
 6.56      -6.05     206.51      -7.51
 6.62      -7.48     206.62      -7.17
 6.68      -6.41     206.43      -7.48
 6.73      -7.26     206.35      -7.11
 6.79      -6.91     205.97      -7.52
 6.85      -7.25     206.60      -7.08
 6.90      -6.62     206.49      -6.97
 6.96      -7.09     205.99      -7.17
 7.02      -5.60     206.26      -7.27
 7.08      -5.53     206.04      -7.06
 7.13      -6.35     205.88      -7.03
 7.19      -5.60     205.19      -7.09
 7.25      -6.47     205.61      -7.00
 7.30      -6.54     205.67      -7.06
 7.36      -6.15     205.58      -7.05
 7.42      -6.07     205.63      -7.06
 7.48      -6.15     205.42      -7.17
 7.53      -6.04     205.33      -7.02
 7.59      -6.34     205.22      -6.84
 7.65      -6.77     205.37      -7.18
 7.70      -5.72     205.37      -7.04
 7.76      -5.95     204.86      -6.95
 7.82      -6.46     204.71      -6.90
 7.88      -5.19     204.81      -7.15
 7.93      -5.30     204.44      -7.15
 7.99      -6.84     204.43      -7.12
 8.05      -7.01     204.85      -6.97
 8.10      -6.34     204.45      -6.87
 8.16      -6.00     204.48      -6.93
 8.22      -7.13     204.35      -7.04
 8.28      -5.47     204.47      -7.03
 8.33      -6.43     204.34      -7.04
 8.39      -6.15     204.15      -6.74
 8.45      -6.77     204.21      -6.87
 8.51      -5.81     203.66      -6.80
 8.56      -6.60     204.13      -6.73
 8.62      -5.77     204.01      -6.69
 8.68      -7.05     203.85      -6.90
 8.73      -5.45     204.01      -6.79
 8.79      -5.58     204.06      -6.83
 8.85      -6.58     203.95      -6.57
 8.91      -6.56     203.84      -6.77
 8.96      -6.97     203.37      -6.67
 9.02      -6.13     203.56      -6.69
 9.08      -6.88     203.50      -6.77
 9.14      -6.92     203.46      -6.84
 9.19      -5.72     203.19      -6.61
 9.25      -5.73     202.74      -6.61
 9.31      -6.51     202.99      -6.74
 9.36      -5.36     202.66      -6.45
 9.42      -6.24     202.89      -6.59
 9.48      -5.64     203.10      -6.75
 9.53      -6.19     202.96      -6.58
 9.59      -5.55     202.97      -6.44
 9.65      -7.28     202.78      -6.58
 9.71      -5.49     202.60      -6.66
 9.76      -6.07     202.25      -6.74
 9.82      -5.98     202.50      -6.56
 9.88      -5.30     202.50      -6.80
 9.93      -5.87     202.17      -6.75
 9.99      -5.43     202.31      -6.38
10.05      -6.30     202.23      -6.37
10.11      -6.12     202.42      -6.47
10.16      -6.77     202.49      -6.72
10.22      -5.25     201.88      -6.50
10.28      -5.18     202.02      -6.61
10.33      -5.19     202.24      -6.70
10.39      -5.64     201.80      -6.58
10.45      -6.19     201.83      -6.65
10.50      -6.11     201.83      -6.63
10.56      -5.81     201.72      -6.47
10.62      -6.04     201.68      -6.29
10.68      -5.94     201.38      -6.73
10.73      -5.81     201.44      -6.63
10.79      -5.13     201.38      -6.62
10.85      -6.17     201.12      -6.18
10.91      -6.45     200.85      -6.74
10.96      -6.60     201.42      -6.34
11.02      -6.00     200.92      -6.46
11.08      -6.22     201.11      -6.49
11.14      -6.46     201.12      -6.51
11.19      -5.74     200.76      -6.38
11.25      -5.94     200.82      -6.45
11.31      -6.46     200.81      -6.41
11.36      -4.95     200.80      -6.32
11.42      -5.05     200.70      -6.51
11.48      -5.94     200.81      -6.38
11.54      -5.75     201.19      -6.54
11.59      -5.74     200.73      -6.48
11.65      -6.15     200.45      -6.47
11.71      -5.75     200.57      -6.44
11.76      -6.13     200.14      -6.57
11.82      -5.11     200.47      -6.35
11.88      -6.37     200.29      -6.51
11.94      -6.83     200.25      -6.34
11.99      -5.68     200.14      -6.47
12.05      -5.70     200.42      -6.38
12.11      -6.06     200.14      -6.51
12.16      -6.23     200.28      -6.57
12.22      -5.72     199.73      -6.49
12.28      -5.84     199.89      -6.48
12.34      -6.17     199.87      -6.69
12.39      -5.89     199.66      -6.32
12.45      -5.49     199.98      -6.42
12.51      -5.90     199.67      -6.36
12.56      -6.05     199.79      -6.34
12.62      -5.13     199.46      -6.42
12.68      -5.53     199.28      -6.65
12.74      -5.64     199.36      -6.45
12.79      -4.82     199.54      -6.39
12.85      -6.63     199.26      -6.44
12.91      -5.32     199.35      -6.53
12.96      -5.90     199.75      -6.18
13.02      -5.98     199.35      -6.28
13.08      -5.53     199.25      -6.33
13.14      -5.55     198.94      -6.50
13.19      -5.79     199.08      -6.25
13.25      -5.87     199.15      -6.42
13.31      -6.26     199.00      -6.17
13.37      -6.09     199.21      -6.31
13.42      -5.28     199.27      -6.58
13.48      -5.87     198.87      -6.52
13.54      -6.60     198.93      -6.44
13.60      -5.95     199.09      -6.24
13.65      -5.58     198.31      -6.45
13.71      -5.42     198.42      -6.52
13.77      -6.02     198.59      -6.44
13.82      -5.70     198.54      -6.19
13.88      -5.47     198.55      -6.26
13.94      -5.92     198.59      -6.26
14.00      -5.64     198.81      -6.34
14.05      -5.81     198.34      -6.58
14.11      -5.43     198.10      -6.18
14.17      -5.25     198.42      -6.08
14.23      -4.91     198.25      -6.23
14.28      -5.96     197.94      -6.36
14.34      -5.47     198.17      -6.15
14.40      -5.57     197.73      -6.24
14.46      -6.49     197.85      -6.35
14.51      -4.87     198.23      -6.42
14.57      -6.40     198.02      -6.24
14.63      -4.82     197.92      -6.09
14.69      -4.68     197.72      -6.41
14.74      -5.53     197.48      -5.99
14.80      -6.11     198.02      -6.51
14.86      -5.32     197.39      -6.33
14.91      -4.82     197.21      -6.16
14.97      -5.61     197.49      -6.40
15.03      -6.57     197.44      -6.25
15.09      -6.47     197.33      -6.32
15.14      -6.43     197.36      -6.08
15.20      -5.02     197.53      -6.27
15.26      -5.75     197.07      -6.23
15.32      -5.28     197.36      -6.48
15.37      -6.17     197.17      -6.12
15.43      -5.08     197.37      -6.15
15.49      -6.23     196.90      -6.05
15.54      -5.25     196.88      -6.28
15.60      -5.57     197.26      -5.98
15.66      -4.70     197.31      -5.96
15.72      -4.60     197.05      -5.90
15.77      -5.32     197.35      -6.34
15.83      -5.08     197.14      -6.30
15.89      -5.36     196.57      -6.07
15.95      -5.62     196.35      -5.89
16.00      -5.36     196.67      -6.39
16.06      -5.89     196.52      -5.89
16.12      -4.57     196.85      -6.05
16.17      -5.23     196.38      -6.07
16.23      -5.74     196.41      -5.81
16.29      -5.57     196.88      -6.07
16.35      -6.04     196.41      -5.87
16.40      -4.12     196.63      -6.02
16.46      -5.87     196.71      -5.90
16.52      -5.33     196.39      -5.98
16.57      -6.32     196.28      -5.90
16.63      -5.04     196.06      -5.92
16.69      -5.64     196.28      -5.84
16.75      -5.28     196.35      -6.02
16.80      -6.18     195.95      -5.95
16.86      -5.08     196.26      -6.08
16.92      -4.34     196.07      -5.87
16.98      -5.60     196.33      -5.76
17.03      -5.77     196.14      -6.30
17.09      -4.98     196.09      -6.13
17.15      -5.81     196.30      -6.07
17.21      -6.09     195.50      -6.01
17.26      -6.47     195.74      -6.09
17.32      -6.21     195.80      -5.64
17.38      -4.89     195.57      -5.82
17.43      -5.70     196.27      -6.23
17.49      -5.44     195.54      -5.77
17.55      -5.47     195.61      -6.11
17.61      -5.70     196.10      -5.89
17.66      -5.11     195.75      -5.72
17.72      -4.83     195.73      -5.75
17.78      -5.81     195.26      -6.15
17.84      -5.25     195.31      -6.23
17.89      -5.30     195.71      -5.99
17.95      -5.42     195.80      -6.00
18.01      -5.30     195.53      -6.02
18.07      -5.47     195.93      -6.05
18.12      -5.53     195.25      -5.90
18.18      -5.13     195.46      -5.89
18.24      -5.75     195.18      -5.71
18.29      -4.78     195.46      -6.07
18.35      -5.84     195.10      -5.78
18.41      -5.89     195.36      -5.85
18.46      -5.21     195.50      -5.96
18.52      -4.68     195.25      -5.97
18.58      -5.85     195.43      -6.04
18.64      -5.38     195.07      -6.32
18.69      -4.87     194.90      -5.89
18.75      -5.72     195.16      -6.01
18.81      -5.15     194.71      -6.03
18.86      -5.27     194.38      -5.93
18.92      -5.21     194.84      -5.82
18.98      -5.06     194.61      -5.97
19.04      -5.30     194.60      -6.03
19.09      -4.98     194.33      -6.15
19.15      -4.68     194.32      -5.81
19.21      -5.06     194.85      -5.82
19.27      -5.66     194.57      -5.90
19.32      -4.81     194.83      -5.98
19.38      -5.25     194.44      -5.95
19.44      -4.68     194.08      -5.96
19.49      -4.96     194.40      -5.77
19.55      -5.08     194.45      -5.98
19.61      -4.95     194.31      -5.75
19.67      -5.55     194.60      -5.68
19.73      -5.33     194.43      -5.97
19.78      -4.85     194.07      -5.50
19.84      -5.32     193.96      -5.70
19.90      -5.25     194.32      -5.82
19.95      -4.26     194.05      -5.77
20.01      -4.94     194.58      -5.63
20.07      -4.53     193.94      -5.67
20.13      -4.80     193.74      -5.89
20.18      -4.76     194.18      -5.49
20.24      -5.44     193.94      -5.61
20.30      -5.84     194.08      -5.83
20.36      -5.17     193.93      -5.84
20.41      -5.15     194.20      -5.49
20.47      -5.16     194.09      -5.86
20.53      -5.11     193.98      -5.66
20.59      -5.02     193.87      -5.86
20.64      -5.62     194.01      -5.79
20.70      -6.26     193.56      -5.73
20.76      -5.77     193.41      -5.56
20.81      -4.70     193.61      -5.72
20.87      -4.32     193.93      -5.62
20.93      -5.13     193.58      -5.88
20.98      -4.81     193.26      -5.63
21.04      -5.53     193.14      -5.79
21.10      -4.29     193.53      -5.89
21.16      -4.87     193.22      -5.76
21.21      -5.25     193.30      -5.80
21.27      -5.89     193.12      -5.73
21.33      -5.08     193.25      -5.83
21.38      -5.74     193.40      -5.69
21.44      -5.17     193.31      -5.52
21.50      -5.25     192.86      -5.85
21.55      -5.68     193.00      -5.67
21.61      -5.21     192.93      -5.96
21.67      -4.74     193.15      -5.56
21.73      -5.23     192.62      -5.59
21.78      -5.13     192.74      -5.84
21.84      -5.19     193.26      -5.60
21.90      -3.84     193.07      -5.90
21.95      -5.53     192.67      -5.71
22.01      -5.13     192.72      -6.00
22.07      -4.46     193.07      -5.62
22.13      -5.21     192.86      -5.64
22.18      -5.28     192.63      -5.55
22.24      -5.15     192.56      -5.68
22.30      -5.15     192.81      -5.82
22.35      -4.44     192.53      -5.62
22.41      -4.72     192.57      -5.73
22.47      -5.21     192.88      -5.86
22.52      -4.87     192.54      -5.84
22.58      -5.57     192.89      -5.69
22.64      -4.49     192.56      -5.82
22.70      -4.96     192.45      -5.94
22.75      -5.87     192.26      -5.78
22.81      -4.85     192.48      -5.73
22.87      -5.21     192.53      -5.43
22.92      -5.13     192.45      -5.62
22.98      -5.54     192.41      -5.58
23.04      -4.94     192.29      -5.50
23.09      -4.36     192.15      -5.63
23.15      -6.06     192.33      -5.55
23.21      -4.61     192.21      -5.80
23.27      -5.60     192.18      -5.64
23.32      -5.28     192.34      -5.45
23.38      -5.45     192.21      -5.66
23.44      -4.95     192.38      -5.58
23.49      -5.06     192.24      -5.67
23.55      -5.38     191.83      -5.52
23.61      -5.70     191.79      -5.68
23.67      -4.74     191.81      -5.27
23.72      -4.91     191.64      -5.41
23.78      -5.16     191.87      -5.20
23.84      -4.29     191.82      -5.41
23.89      -4.66     191.45      -5.30
23.95      -5.60     191.74      -5.34
24.01      -4.46     191.69      -5.38
24.07      -5.33     191.79      -5.22
24.12      -5.27     191.95      -5.43
24.18      -5.17     191.73      -5.35
24.24      -5.45     191.98      -5.66
24.30      -5.33     191.79      -5.42
24.35      -4.16     191.35      -5.45
24.41      -5.55     191.50      -5.43
24.47      -3.92     191.88      -5.41
24.52      -4.74     191.18      -5.56
24.58      -4.34     191.33      -5.32
24.64      -4.89     191.21      -5.56
24.69      -5.02     191.32      -5.55
24.75      -4.08     191.15      -5.48
24.81      -5.15     191.40      -5.51
24.86      -4.42     191.39      -5.41
24.92      -4.31     191.54      -5.71
24.98      -5.92     191.14      -5.37
25.04      -4.93     191.29      -5.32
25.09      -5.58     190.92      -5.56
25.15      -5.15     190.96      -5.43
25.21      -4.93     191.46      -5.50
25.26      -5.60     191.14      -5.67
25.32      -5.28     190.56      -5.43
25.38      -5.10     190.72      -5.35
25.43      -4.87     190.20      -5.51
25.49      -4.31     190.92      -5.30
25.55      -4.49     190.15      -5.11
25.60      -3.99     190.42      -5.24
25.66      -4.40     190.36      -5.53
25.72      -5.23     190.10      -5.25
25.78      -4.87     190.25      -5.60
25.83      -5.74     190.72      -5.34
25.89      -4.51     190.52      -5.15
25.95      -4.63     190.74      -5.20
26.00      -4.80     190.14      -5.45
26.06      -4.53     190.22      -5.40
26.12      -3.93     190.35      -5.51
26.18      -4.95     190.21      -5.52
26.23      -4.49     190.32      -5.48
26.29      -4.83     190.13      -5.20
26.35      -4.70     190.06      -5.55
26.40      -5.23     189.99      -5.54
26.46      -4.10     190.15      -5.18
26.52      -5.83     190.04      -5.44
26.58      -5.58     190.06      -5.41
26.63      -5.19     190.08      -5.21
26.69      -4.10     189.93      -5.46
26.75      -5.32     190.13      -5.46
26.80      -3.93     189.89      -5.52
26.86      -5.17     189.49      -5.19
26.92      -4.36     189.64      -5.41
26.97      -5.49     189.43      -5.21
27.03      -5.13     189.88      -5.34
27.09      -4.53     189.60      -5.31
27.15      -4.89     189.81      -5.27
27.20      -5.61     189.59      -5.59
27.26      -5.10     189.85      -5.11
27.32      -5.60     189.50      -5.07
27.37      -4.42     189.36      -5.27
27.43      -5.02     189.33      -5.21
27.49      -4.27     189.69      -5.06
27.54      -5.30     189.59      -5.26
27.60      -4.40     189.14      -5.20
27.66      -5.02     189.86      -5.13
27.72      -3.93     189.43      -4.90
27.77      -4.29     189.08      -5.04
27.83      -4.83     189.57      -5.17
27.89      -4.10     189.29      -5.02
27.94      -3.71     189.18      -5.02
28.00      -4.74     189.39      -5.14
28.06      -4.40     189.28      -5.04
28.12      -3.95     189.04      -5.01
28.17      -4.83     189.43      -4.99
28.23      -4.82     188.81      -4.96
28.29      -4.55     189.48      -5.22
28.34      -5.25     188.89      -5.19
28.40      -4.68     189.12      -5.08
28.46      -4.46     188.78      -5.27
28.52      -5.30     189.05      -4.95
28.57      -5.16     188.80      -4.93
28.63      -4.81     189.20      -4.97
28.69      -5.02     188.95      -4.92
28.74      -4.65     188.66      -4.91
28.80      -4.44     188.90      -4.84
28.86      -5.02     189.18      -5.15
28.92      -4.29     188.95      -5.02
28.97      -4.12     188.55      -4.96
29.03      -3.58     188.66      -4.98
29.09      -4.21     188.82      -4.90
29.14      -4.06     188.48      -5.05
29.20      -5.23     188.53      -4.94
29.26      -5.02     188.58      -5.10
29.31      -4.27     188.64      -5.00
29.37      -5.36     188.20      -5.01
29.43      -4.88     188.28      -4.84
29.49      -4.65     188.40      -4.95
29.54      -4.68     188.23      -4.95
29.60      -4.83     188.36      -5.07
29.66      -4.63     188.45      -5.04
29.71      -5.27     188.40      -4.78
29.77      -4.95     188.29      -5.12
29.83      -4.78     188.41      -5.01
29.89      -4.83     188.41      -5.54
29.94      -5.34     188.44      -5.09
30.00      -5.25     188.26      -4.98
30.06      -4.83     188.20      -4.94
30.11      -4.06     187.75      -5.02
30.17      -3.81     187.91      -5.04
30.23      -4.46     188.11      -5.03
30.28      -4.26     188.10      -4.90
30.34      -5.44     187.93      -5.00
30.40      -4.68     187.80      -4.96
30.46      -3.97     187.92      -5.06
30.51      -3.93     188.30      -4.98
30.57      -4.49     187.69      -5.06
30.63      -3.97     187.61      -4.98
30.68      -4.54     187.37      -4.88
30.74      -4.66     187.62      -4.92
30.80      -4.06     187.23      -5.08
30.85      -5.17     187.14      -5.00
30.91      -3.86     187.35      -4.79
30.97      -3.16     187.56      -4.91
31.03      -4.81     187.40      -4.97
31.08      -3.99     187.35      -4.82
31.14      -4.34     187.57      -4.84
31.20      -4.01     187.59      -5.17
31.25      -5.19     187.68      -4.89
31.31      -3.74     187.55      -4.77
31.37      -4.93     187.58      -4.97
31.43      -4.04     187.30      -5.14
31.48      -4.34     187.22      -5.06
31.54      -4.74     187.22      -5.16
31.60      -4.31     187.35      -4.90
31.65      -4.04     187.07      -4.70
31.71      -3.87     187.32      -4.97
31.77      -5.04     186.92      -5.20
31.83      -4.53     187.00      -5.10
31.88      -4.13     187.09      -4.79
31.94      -3.54     187.22      -4.90
32.00      -4.72     187.09      -4.90
32.05      -4.29     187.01      -4.97
32.11      -4.95     186.98      -4.93
32.17      -4.92     186.99      -5.05
32.23      -4.03     187.19      -4.80
32.28      -3.44     187.06      -4.95
32.34      -4.18     186.74      -4.79
32.40      -3.70     186.80      -4.97
32.45      -3.93     186.58      -4.81
32.51      -4.85     186.85      -4.96
32.57      -5.06     186.93      -5.00
32.63      -4.40     187.06      -4.79
32.68      -4.27     186.99      -4.93
32.74      -3.68     186.57      -5.04
32.80      -4.08     186.66      -4.80
32.85      -3.97     186.77      -4.64
32.91      -3.74     186.74      -4.71
32.97      -4.72     186.88      -4.78
33.03      -3.54     186.69      -4.81
33.08      -3.95     187.20      -4.82
33.14      -4.51     186.91      -4.63
33.20      -3.65     186.24      -4.87
33.25      -3.91     186.42      -4.77
33.31      -4.74     186.64      -5.03
33.37      -3.67     186.51      -4.54
33.42      -4.44     186.29      -4.92
33.48      -4.72     186.11      -4.96
33.54      -4.34     186.33      -4.69
33.60      -3.50     186.23      -4.89
33.65      -3.72     186.32      -4.66
33.71      -4.31     186.56      -4.96
33.77      -4.68     186.43      -4.67
33.83      -4.38     185.98      -4.90
33.88      -5.38     186.14      -4.73
33.94      -4.02     186.10      -4.87
34.00      -5.27     186.35      -4.73
34.05      -4.70     186.06      -4.91
34.11      -5.10     186.47      -4.79
34.17      -4.01     186.13      -4.76
34.22      -4.12     185.83      -4.84
34.28      -3.82     186.23      -5.07
34.34      -4.76     186.30      -4.64
34.39      -4.57     185.75      -4.76
34.45      -3.95     186.01      -4.83
34.51      -4.04     185.69      -4.74
34.56      -3.78     185.85      -4.84
34.62      -4.04     185.75      -4.80
34.68      -4.51     185.72      -4.89
34.74      -4.19     185.57      -4.76
34.79      -4.57     184.97      -4.78
34.85      -3.89     185.27      -4.82
34.91      -4.40     185.16      -4.78
34.96      -3.63     184.88      -4.67
35.02      -3.82     185.05      -4.50
35.08      -4.23     185.20      -4.66
35.14      -4.72     185.43      -4.59
35.19      -3.61     185.24      -4.73
35.25      -4.44     185.52      -4.60
35.31      -3.50     185.61      -4.81
35.37      -4.34     185.14      -4.48
35.42      -4.18     185.42      -4.75
35.48      -3.05     185.80      -4.99
35.54      -3.71     185.15      -4.90
35.59      -4.68     185.26      -5.16
35.65      -4.87     184.91      -5.17
35.71      -4.83     185.01      -5.03
35.76      -4.70     185.42      -4.83
35.82      -4.74     185.26      -4.78
35.88      -3.87     185.32      -5.07
35.94      -4.02     184.90      -4.97
35.99      -4.04     185.06      -4.81
36.05      -4.14     185.52      -4.53
36.11      -4.51     184.95      -4.86
36.16      -3.76     185.01      -4.98
36.22      -5.55     185.21      -4.74
36.28      -3.80     185.03      -4.97
36.33      -5.25     185.06      -4.85
36.39      -3.50     184.98      -4.85
36.45      -4.81     185.05      -4.77
36.50      -4.74     184.74      -4.70
36.56      -4.18     185.37      -4.86
36.62      -4.61     184.52      -4.67
36.68      -3.46     184.82      -4.85
36.73      -3.75     184.75      -4.81
36.79      -4.60     185.00      -4.51
36.85      -4.34     184.96      -4.95
36.90      -4.98     184.82      -4.66
36.96      -4.21     185.02      -4.91
37.02      -4.95     185.08      -4.82
37.08      -4.78     184.66      -4.81
37.13      -4.29     184.67      -4.67
37.19      -4.43     184.53      -5.10
37.25      -4.40     184.50      -4.64
37.30      -4.18     184.66      -4.74
37.36      -3.93     184.65      -4.65
37.42      -4.61     184.69      -4.78
37.47      -3.46     184.62      -4.54
37.53      -4.42     185.01      -4.84
37.59      -3.42     184.49      -4.86
37.65      -4.63     184.80      -4.54
37.70      -4.25     184.86      -4.90
37.76      -4.72     184.48      -4.96
37.82      -4.65     184.18      -4.77
37.87      -4.74     184.24      -4.76
37.93      -3.80     184.85      -4.75
37.99      -4.81     184.50      -4.88
38.05      -3.10     184.28      -4.59
38.10      -4.19     184.20      -4.86
38.16      -3.71     184.43      -4.78
38.22      -4.10     184.36      -4.58
38.27      -4.63     184.15      -4.61
38.33      -4.44     184.08      -4.73
38.39      -4.51     184.29      -4.55
38.44      -4.44     184.12      -4.60
38.50      -4.88     184.12      -4.93
38.56      -4.57     184.09      -4.63
38.61      -4.70     184.15      -4.59
38.67      -4.36     184.52      -4.37
38.73      -4.18     184.05      -4.68
38.79      -4.16     183.92      -4.54
38.84      -4.51     183.73      -4.64
38.90      -3.05     184.15      -4.67
38.96      -3.52     184.03      -4.64
39.01      -4.08     183.88      -4.59
39.07      -3.67     184.05      -4.72
39.13      -3.84     183.94      -4.71
39.18      -4.12     184.35      -4.73
39.24      -5.01     184.01      -4.68
39.30      -3.76     183.81      -4.82
39.36      -4.14     183.86      -4.54
39.41      -3.50     184.01      -4.70
39.47      -4.18     183.67      -4.71
39.53      -4.80     184.01      -4.90
39.58      -3.46     184.01      -4.57
39.64      -3.65     183.84      -4.53
39.70      -3.63     183.74      -4.77
39.75      -4.02     183.72      -4.69
39.81      -4.16     183.86      -4.73
39.87      -4.46     183.55      -4.79
39.93      -4.12     183.23      -4.56
39.98      -3.46     183.67      -4.59
40.04      -4.53     183.58      -4.52
40.10      -3.24     183.44      -4.62
40.15      -4.98     183.67      -4.58
40.21      -3.78     183.50      -4.65
40.27      -4.31     183.72      -4.79
40.33      -4.02     183.47      -4.70
40.38      -3.89     183.11      -4.64
40.44      -4.71     183.39      -4.64
40.50      -4.63     183.30      -4.60
40.55      -3.74     183.54      -4.42
40.61      -4.66     183.32      -4.61
40.67      -4.57     183.63      -4.91
40.72      -5.23     183.32      -4.71
40.78      -3.74     183.13      -4.95
40.84      -3.91     183.31      -5.01
40.90      -4.98     183.16      -4.60
40.95      -4.74     183.57      -4.86
41.01      -4.49     183.19      -4.81
41.07      -4.75     183.04      -4.70
41.12      -4.91     182.83      -4.72
41.18      -4.61     183.06      -4.65
41.24      -4.68     182.74      -4.66
41.29      -4.44     182.69      -4.64
41.35      -4.02     182.35      -4.63
41.41      -4.23     182.40      -4.52
41.46      -4.40     182.54      -4.49
41.52      -3.54     182.96      -4.79
41.58      -4.66     183.16      -4.56
41.64      -4.85     183.18      -4.39
41.69      -4.33     182.71      -4.78
41.75      -4.34     182.41      -4.57
41.81      -3.76     182.93      -4.96
41.86      -4.25     183.09      -4.78
41.92      -3.48     182.98      -4.69
41.98      -4.95     182.59      -4.75
42.04      -4.53     182.69      -4.84
42.09      -4.46     182.87      -4.69
42.15      -4.36     183.08      -4.76
42.21      -4.72     182.70      -4.61
42.26      -4.14     182.87      -4.49
42.32      -4.01     182.79      -4.68
42.38      -4.06     182.62      -4.55
42.44      -4.40     182.79      -4.87
42.49      -3.98     182.22      -4.87
42.55      -4.49     182.78      -4.50
42.61      -3.76     182.88      -4.61
42.66      -3.84     182.62      -4.58
42.72      -3.91     182.49      -4.31
42.78      -3.91     182.42      -4.32
42.83      -4.20     182.44      -4.57
42.89      -3.91     182.63      -4.66
42.95      -4.70     182.72      -4.35
43.01      -4.38     182.40      -4.50
43.06      -3.76     182.88      -4.60
43.12      -3.69     182.64      -4.52
43.18      -4.99     182.23      -4.54
43.23      -3.14     182.59      -4.51
43.29      -4.55     182.43      -4.52
43.35      -3.98     182.18      -4.82
43.41      -4.51     182.62      -4.48
43.46      -4.01     182.23      -4.61
43.52      -4.82     182.27      -4.68
43.58      -4.99     182.51      -4.77
43.64      -5.21     182.39      -4.43
43.69      -5.02     182.17      -4.49
43.75      -3.18     182.37      -4.74
43.81      -3.70     181.92      -4.78
43.87      -3.61     181.74      -4.71
43.92      -4.95     182.16      -4.67
43.98      -3.18     182.50      -4.86
44.04      -4.96     182.08      -4.61
44.09      -3.27     181.98      -4.46
44.15      -3.16     181.40      -4.52
44.21      -3.82     181.75      -5.16
44.27      -4.98     181.40      -5.08
44.32      -5.25     181.56      -4.86
44.38      -4.54     181.90      -5.03
44.44      -5.28     181.47      -5.05
44.49      -4.66     181.80      -5.00
44.55      -4.66     181.69      -5.40
44.61      -4.70     181.61      -5.12
44.66      -5.77     181.72      -5.46
44.72      -5.13     181.32      -5.50
44.78      -4.94     182.24      -5.53
44.84      -4.80     181.31      -5.26
44.89      -4.91     181.68      -5.49
44.95      -4.78     182.01      -5.19
45.01      -4.34     181.77      -4.95
45.06      -4.51     181.63      -5.42
45.12      -4.82     181.90      -5.00
45.18      -4.49     181.91      -4.86
45.23      -5.06     181.68      -4.87
45.29      -4.33     181.97      -4.97
45.35      -4.95     181.58      -4.94
45.40      -4.91     181.80      -4.87
45.46      -4.65     181.32      -4.96
45.52      -4.43     181.62      -5.05
45.58      -3.87     181.77      -5.03
45.63      -4.27     181.59      -4.84
45.69      -4.49     181.38      -4.88
45.75      -3.87     181.53      -4.99
45.80      -4.70     181.42      -4.73
45.86      -4.66     181.48      -4.96
45.92      -4.10     181.27      -4.83
45.97      -4.98     181.22      -4.83
46.03      -4.49     180.83      -4.80
46.09      -4.09     181.20      -4.99
46.14      -4.82     181.08      -4.95
46.20      -4.81     181.14      -5.04
46.26      -4.80     181.15      -4.86
46.31      -4.70     181.34      -4.87
46.37      -4.18     181.48      -4.82
46.43      -5.08     181.46      -4.97
46.48      -5.08     181.44      -5.16
46.54      -3.75     181.33      -4.79
46.60      -4.18     180.93      -4.91
46.66      -4.12     180.43      -5.10
46.71      -4.74     181.06      -5.27
46.77      -4.01     180.80      -5.19
46.83      -4.21     180.94      -5.20
46.88      -4.18     179.91      -4.96
46.94      -4.63     180.82      -4.98
47.00      -4.70     181.16      -4.90
47.05      -4.12     180.75      -4.75
47.11      -4.44     180.26      -5.20
47.17      -5.19     179.99      -5.11
47.23      -4.74     179.77      -6.04
47.28      -5.30     180.00      -4.89
47.34      -4.59     179.80      -4.78
47.40      -4.61     180.21      -4.80
47.45      -4.85     180.21      -4.82
47.51      -3.54     180.61      -4.93
47.57      -4.12     180.57      -5.47
47.62      -5.23     179.59      -5.39
47.68      -5.27     179.33      -6.37
47.74      -5.98     179.98      -5.35
47.80      -5.96     180.33      -5.19
47.85      -4.95     179.29      -6.07
47.91      -6.09     179.27      -6.41
47.97      -5.53     178.93      -6.51
48.02      -6.47     180.86      -4.73
48.08      -4.29     180.80      -4.74
48.14      -4.33     180.78      -4.80
48.20      -4.87     181.02      -4.70
48.25      -3.61     180.68      -4.71
48.31      -4.96     180.38      -4.80
48.37      -5.44     180.81      -4.71
48.43      -3.76     180.46      -4.86
48.48      -4.46     181.02      -4.75
48.54      -3.95     180.44      -4.63
48.60      -4.53     180.99      -4.71
48.66      -3.40     180.91      -4.50
48.71      -4.27     180.55      -4.67
48.77      -5.38     180.83      -4.59
48.83      -4.33     180.81      -4.55
48.88      -3.22     181.02      -4.76
48.94      -4.93     180.36      -4.53
49.00      -4.77     180.53      -4.41
49.06      -4.76     180.23      -4.55
49.11      -3.35     180.45      -4.44
49.17      -3.69     180.40      -4.70
49.23      -3.99     180.45      -4.65
49.29      -4.14     180.14      -4.66
49.34      -4.65     180.66      -5.03
49.40      -4.48     180.27      -4.79
49.46      -4.89     180.14      -4.69
49.51      -4.80     180.44      -4.64
49.57      -5.28     180.44      -4.81
49.63      -3.93     179.96      -4.63
49.69      -4.73     180.22      -4.68
49.74      -3.54     180.04      -4.51
49.80      -3.56     180.22      -4.70
49.86      -3.63     180.29      -4.73
49.91      -4.33     180.35      -4.46
49.97      -3.99     180.13      -4.77
50.03      -4.26     180.22      -4.74
50.08      -5.19     179.90      -4.69
50.14      -4.61     180.24      -4.60
50.20      -3.72     179.91      -4.78
50.25      -4.96     180.05      -4.63
50.31      -4.48     180.13      -4.83
50.37      -4.98     180.05      -4.79
50.42      -4.59     180.20      -4.69
50.48      -4.89     179.96      -4.73
50.54      -4.40     179.58      -4.68
50.59      -4.87     180.16      -4.70
50.65      -4.61     180.11      -4.59
50.71      -4.61     179.96      -4.71
50.77      -4.51     179.95      -4.56
50.82      -4.23     179.72      -4.47
50.88      -3.89     179.90      -4.55
50.94      -4.38     179.75      -4.53
51.00      -3.76     179.59      -4.64
51.05      -4.08     179.81      -4.80
51.11      -4.80     179.95      -4.33
51.17      -3.95     179.77      -4.92
51.22      -4.27     179.90      -4.54
51.28      -3.97     179.91      -4.84
51.34      -3.99     179.65      -4.76
51.39      -3.67     179.70      -4.80
51.45      -4.70     179.64      -4.60
51.51      -3.76     179.72      -4.73
51.57      -4.61     179.34      -4.69
51.62      -4.93     179.05      -4.84
51.68      -4.61     178.52      -4.87
51.74      -5.04     178.68      -4.71
51.79      -3.44     178.74      -4.67
51.85      -4.59     178.29      -4.72
51.91      -4.51     178.60      -4.66
51.97      -4.74     178.63      -4.51
52.02      -4.34     179.05      -4.54
52.08      -4.68     178.98      -4.69
52.14      -4.91     178.75      -4.80
52.19      -5.04     179.37      -4.55
52.25      -4.34     179.00      -5.17
52.31      -4.81     179.10      -4.62
52.37      -4.21     179.16      -4.71
52.42      -5.27     179.36      -4.97
52.48      -4.83     179.10      -4.84
52.54      -4.01     179.33      -4.70
52.59      -4.14     179.35      -4.85
52.65      -4.89     179.05      -4.54
52.71      -4.34     179.08      -4.78
52.76      -5.06     179.28      -4.82
52.82      -4.43     179.11      -4.35
52.88      -4.34     179.47      -4.78
52.93      -4.31     179.41      -4.62
52.99      -4.48     178.99      -4.71
53.05      -4.78     179.13      -4.58
53.11      -4.29     179.05      -4.58
53.16      -3.87     179.12      -4.61
53.22      -3.78     178.90      -4.55
53.28      -4.20     178.97      -4.66
53.33      -3.41     178.86      -4.55
53.39      -3.25     179.17      -4.72
53.45      -4.59     179.24      -4.61
53.51      -4.44     179.24      -4.37
53.56      -3.78     178.97      -4.51
53.62      -4.91     178.75      -4.63
53.68      -3.54     179.22      -4.65
53.73      -4.01     179.10      -4.67
53.79      -3.67     179.10      -4.42
53.85      -4.31     179.10      -4.54
53.91      -4.10     178.89      -4.61
53.96      -3.82     179.17      -4.56
54.02      -4.01     178.95      -4.57
54.08      -4.29     178.70      -4.63
54.13      -4.89     178.87      -4.53
54.19      -3.84     178.83      -4.65
54.25      -3.93     178.65      -4.62
54.31      -4.02     178.98      -4.48
54.36      -3.99     178.34      -4.51
54.42      -4.61     178.89      -4.77
54.48      -3.93     178.60      -4.66
54.53      -4.48     178.62      -4.52
54.59      -3.61     178.42      -4.59
54.65      -3.20     178.68      -4.63
54.71      -3.05     178.70      -4.44
54.76      -5.10     178.65      -4.58
54.82      -5.21     178.33      -4.59
54.88      -4.18     178.89      -4.61
54.93      -4.65     178.78      -4.62
54.99      -3.93     179.05      -4.81
