 0.00       0.88     194.49      -1.87
 0.06      -0.45     190.07      -1.68
 0.11      -1.15     188.29      -1.54
 0.17      -1.30     186.80      -1.89
 0.23      -1.10     185.95      -1.30
 0.28      -0.77     185.69      -1.26
 0.34      -1.33     184.99      -1.27
 0.40      -0.49     184.05      -1.18
 0.46      -0.72     183.41      -1.21
 0.51      -0.65     183.66      -1.36
 0.57      -1.61     183.86      -1.35
 0.63       0.05     182.65      -1.23
 0.68      -1.36     183.00      -1.21
 0.74      -0.70     182.83      -1.04
 0.80      -0.76     182.18      -1.12
 0.86      -0.60     182.00      -1.27
 0.91      -0.94     181.78      -1.07
 0.97      -0.89     181.69      -1.24
 1.03      -0.00     181.29      -1.03
 1.08      -0.79     181.06      -1.27
 1.14      -0.81     181.14      -1.13
 1.20      -0.75     180.83      -1.32
 1.26      -1.62     180.50      -1.06
 1.31      -0.96     180.88      -1.23
 1.37      -1.36     180.30      -1.15
 1.43      -0.57     180.14      -1.34
 1.48      -1.24     180.51      -1.25
 1.54      -1.81     180.11      -1.26
 1.60      -1.17     180.18      -1.11
 1.66      -0.96     180.01      -1.45
 1.71      -0.79     179.74      -1.23
 1.77      -1.41     179.30      -1.19
 1.83      -0.91     179.41      -1.21
 1.89      -0.70     178.96      -1.08
 1.94      -0.93     179.02      -1.30
 2.00      -1.19     179.29      -1.01
 2.06      -0.53     179.23      -1.15
 2.11       0.32     178.73      -1.04
 2.17      -0.10     178.72      -1.23
 2.23      -0.92     178.60      -1.34
 2.29      -1.19     178.46      -1.27
 2.34      -0.77     178.46      -1.12
 2.40      -0.75     178.74      -1.13
 2.46      -0.62     177.93      -1.30
 2.51       0.08     178.29      -1.43
 2.57      -0.75     178.20      -1.24
 2.63      -1.28     177.88      -1.33
 2.69      -0.68     177.74      -1.26
 2.74      -0.57     177.64      -1.13
 2.80      -1.41     177.83      -1.04
 2.86      -0.40     177.88      -1.11
 2.91      -0.45     177.93      -1.10
 2.97      -0.93     177.17      -1.12
 3.03      -0.19     177.40      -1.18
 3.08      -0.19     177.85      -1.06
 3.14      -1.49     177.31      -1.14
 3.20      -1.36     176.93      -0.97
 3.26      -1.34     177.22      -1.31
 3.31       0.02     177.01      -1.08
 3.37      -0.55     177.06      -1.24
 3.43      -0.81     177.24      -1.20
 3.48      -1.07     176.72      -0.99
 3.54       0.15     176.57      -1.01
 3.60      -0.92     176.56      -0.97
 3.66      -0.27     176.40      -1.12
 3.71      -1.53     176.03      -1.04
 3.77      -1.09     176.70      -0.85
 3.83      -0.83     176.61      -1.01
 3.88      -0.94     176.53      -1.06
 3.94      -0.91     175.85      -1.08
 4.00      -1.04     176.19      -1.07
 4.05      -0.25     176.22      -1.33
 4.11      -0.08     175.97      -1.07
 4.17      -0.38     176.52      -1.03
 4.23      -0.81     176.24      -1.05
 4.28      -0.44     176.05      -1.01
 4.34      -0.23     176.08      -1.12
 4.40      -0.43     176.03      -1.03
 4.45      -1.53     176.19      -1.09
 4.51      -0.92     175.93      -1.13
 4.57      -0.45     175.70      -0.93
 4.62      -0.68     175.88      -1.32
 4.68      -1.04     175.82      -0.81
 4.74      -1.13     175.62      -1.04
 4.79      -0.13     175.34      -1.02
 4.85      -1.04     175.42      -1.10
 4.91      -0.55     175.55      -1.37
 4.97      -0.37     175.38      -1.21
 5.02      -0.53     175.55      -1.09
 5.08      -0.62     175.57      -1.12
 5.14      -1.53     175.28      -1.13
 5.19      -0.64     175.28      -1.20
 5.25      -0.55     174.95      -1.16
 5.31       0.05     175.11      -1.25
 5.36      -1.16     174.93      -1.19
 5.42      -0.87     174.74      -0.92
 5.48      -0.45     174.79      -0.95
 5.53      -1.58     175.28      -0.97
 5.59      -0.38     174.98      -1.07
 5.65      -0.29     174.74      -1.35
 5.71       0.31     174.54      -1.07
 5.76      -0.92     174.55      -1.13
 5.82      -1.09     174.28      -1.27
 5.88       0.07     174.33      -1.01
 5.93      -1.26     174.62      -1.19
 5.99      -1.07     174.39      -1.21
 6.05      -1.54     174.12      -1.39
 6.11      -0.74     173.73      -1.39
 6.16      -1.28     173.15      -1.43
 6.22      -0.77     172.85      -1.26
 6.28      -0.96     173.19      -1.28
 6.33      -0.75     172.69      -1.24
 6.39       0.20     171.92      -1.25
 6.45      -0.12     171.71      -1.22
 6.51      -0.72     171.76      -1.15
 6.56       0.25     171.32      -1.26
 6.62      -1.02     171.63      -1.12
 6.68      -0.94     171.39      -1.08
 6.73      -0.27     171.22      -0.86
 6.79      -0.85     171.13      -1.10
 6.85      -0.96     171.06      -1.24
 6.90      -1.24     171.34      -1.17
 6.96      -1.24     171.25      -0.85
 7.02      -0.66     171.34      -1.09
 7.07      -0.96     171.08      -0.99
 7.13      -0.79     170.72      -1.38
 7.19      -0.06     170.59      -1.17
 7.25      -1.15     170.88      -1.11
 7.30      -0.79     170.41      -1.11
 7.36      -0.98     170.01      -0.97
 7.42      -0.34     169.75      -1.07
 7.47      -0.70     169.32      -0.94
 7.53      -1.30     169.50      -0.94
 7.59      -0.53     168.77      -1.14
 7.65      -0.91     168.55      -1.11
 7.70      -0.74     168.83      -1.15
 7.76      -0.68     167.92      -0.93
 7.82      -0.55     167.73      -1.01
 7.87      -0.26     167.69      -1.13
 7.93      -0.55     167.07      -1.23
 7.99      -0.51     166.63      -1.09
 8.04      -0.89     167.50      -0.98
 8.10       0.03     167.59      -1.19
 8.16      -0.64     168.51      -0.96
 8.22      -0.55     169.43      -1.16
 8.27      -0.83     170.47      -0.88
 8.33       0.45     171.11      -1.03
 8.39      -0.62     171.20      -0.70
 8.44      -0.51     171.16      -0.77
 8.50       0.22     171.50      -0.74
 8.56      -0.14     171.26      -0.85
 8.62      -0.00     171.31      -0.77
 8.67      -0.04     171.19      -0.82
 8.73      -0.02     171.59      -0.87
 8.79      -0.38     171.11      -0.93
 8.84      -0.12     171.28      -0.64
 8.90      -0.43     171.13      -0.60
 8.96      -0.57     171.11      -0.82
 9.01      -1.11     171.14      -0.90
 9.07      -0.29     171.48      -0.87
 9.13       0.39     171.21      -0.81
 9.18       0.20     171.13      -0.65
 9.24      -0.15     171.44      -0.83
 9.30      -0.83     171.28      -0.71
 9.36      -0.51     171.07      -0.80
 9.41      -0.19     171.27      -0.97
 9.47      -0.29     171.53      -0.91
 9.53       0.62     170.81      -0.87
 9.58      -0.41     170.77      -0.98
 9.64      -0.72     170.82      -0.82
 9.70      -0.92     170.98      -0.74
 9.76      -1.15     171.19      -1.01
 9.81      -0.13     170.79      -0.70
 9.87       0.28     171.15      -0.85
 9.93       0.54     171.47      -0.86
 9.98      -1.11     171.37      -0.73
10.04      -0.68     171.32      -0.71
10.10      -0.06     170.65      -0.88
10.15      -0.13     171.00      -0.77
10.21       0.24     170.96      -0.81
10.27      -0.44     171.05      -0.80
10.32      -0.10     171.06      -0.73
10.38      -0.96     171.23      -0.87
10.44       0.14     170.99      -0.87
10.50      -0.75     171.15      -0.82
10.55       0.58     171.08      -0.79
10.61      -0.13     171.16      -0.84
10.67      -1.32     171.14      -0.93
10.72      -0.53     171.07      -0.96
10.78      -1.17     170.95      -0.74
10.84      -0.00     171.34      -0.74
10.89      -0.27     171.41      -0.82
10.95       0.15     171.35      -0.77
11.01      -0.72     171.51      -0.70
11.07       0.11     171.37      -0.78
11.12      -0.04     171.12      -0.83
11.18       0.20     171.43      -0.78
11.24       0.39     171.39      -0.88
11.29      -1.22     171.45      -0.77
11.35      -0.23     171.59      -0.89
11.41      -0.23     171.52      -0.98
11.47      -0.12     171.55      -0.84
11.52      -0.29     171.41      -0.59
11.58       0.18     171.55      -0.87
11.64      -0.62     171.49      -0.66
11.69      -0.17     171.48      -0.79
11.75      -0.62     171.47      -0.87
11.81      -0.42     171.12      -0.94
11.86      -0.62     171.46      -0.73
11.92      -0.27     171.04      -0.93
11.98      -0.17     171.41      -1.07
12.04      -0.06     171.06      -0.89
12.09      -0.29     170.85      -0.94
12.15      -0.34     171.28      -1.03
12.21      -0.55     171.31      -0.73
12.26      -1.09     170.98      -0.78
12.32      -0.17     171.20      -0.84
12.38      -0.59     171.50      -0.79
12.43      -0.19     170.84      -0.90
12.49      -0.64     171.18      -0.75
12.55      -0.82     170.76      -0.75
12.61       0.07     171.37      -0.95
12.66       0.35     170.92      -0.74
12.72      -0.44     171.03      -1.01
12.78      -0.96     170.55      -0.85
12.83      -0.92     170.89      -0.85
12.89      -0.57     170.59      -0.78
12.95      -0.62     170.41      -0.80
13.00      -0.77     170.07      -1.02
13.06       0.13     170.48      -0.82
13.12      -0.72     170.30      -0.81
13.17      -0.42     170.18      -0.82
13.23      -0.38     170.09      -1.00
13.29      -0.92     170.76      -0.94
13.35      -0.85     170.47      -0.79
13.40      -0.34     170.45      -0.88
13.46      -0.79     170.50      -0.77
13.52      -0.15     170.32      -0.89
13.57      -0.25     170.40      -0.90
13.63      -0.08     170.16      -0.87
13.69      -0.83     170.42      -1.03
13.74      -0.40     169.88      -0.82
13.80      -1.24     170.34      -0.91
13.86      -0.31     170.01      -1.01
13.92      -0.10     170.31      -0.89
13.97      -0.65     169.77      -1.05
14.03      -0.91     169.71      -0.97
14.09      -0.74     170.08      -0.96
14.14      -0.68     169.76      -0.93
14.20      -1.00     169.67      -0.74
14.26      -0.06     169.26      -0.85
14.31      -0.20     169.91      -0.82
14.37       0.20     169.66      -0.69
14.43      -0.60     169.87      -0.88
14.48      -1.47     169.44      -0.91
14.54      -0.41     170.04      -0.76
14.60      -1.02     169.76      -0.89
14.66      -0.10     169.59      -0.94
14.71      -0.83     169.48      -0.84
14.77      -0.85     169.60      -0.99
14.83       0.24     169.71      -1.05
14.89      -0.79     169.46      -1.10
14.94      -1.36     169.39      -0.87
15.00      -0.20     168.87      -1.01
15.06       0.39     169.64      -1.09
15.11      -0.96     168.95      -1.17
15.17      -0.00     169.63      -0.84
15.23      -0.41     169.20      -0.95
15.29      -0.47     169.06      -0.95
15.34      -0.66     169.31      -1.06
15.40      -0.64     169.16      -1.02
15.46      -0.45     168.90      -1.09
15.51      -0.62     168.94      -0.85
15.57      -0.96     169.21      -1.10
15.63      -0.74     169.01      -0.99
15.68       0.48     169.03      -0.94
15.74      -0.68     169.16      -0.92
15.80       0.15     168.96      -1.00
15.86      -0.89     168.88      -0.98
15.91      -0.96     168.40      -0.89
15.97      -0.57     168.61      -1.08
16.03      -0.44     168.65      -1.01
16.08      -0.30     168.56      -0.80
16.14      -0.87     168.54      -0.79
16.20      -0.17     168.38      -0.84
16.25      -0.29     168.70      -0.99
16.31       0.50     168.06      -0.91
16.37       0.02     168.59      -0.98
16.43      -1.39     168.34      -0.90
16.48      -0.08     168.45      -0.74
16.54       0.45     168.53      -1.06
16.60      -0.23     168.51      -1.08
16.65      -0.79     168.12      -0.91
16.71      -0.19     168.50      -0.95
16.77       0.17     168.28      -0.94
16.82      -0.19     168.29      -0.95
16.88      -0.62     168.23      -0.78
16.94      -1.15     167.89      -1.02
17.00      -0.71     166.80      -1.05
17.05      -1.02     166.84      -1.13
17.11       0.31     166.76      -1.05
17.17      -0.89     165.96      -1.19
17.22      -0.59     166.01      -1.08
17.28      -1.03     165.71      -1.08
17.34      -0.20     165.70      -1.00
17.39      -0.75     165.13      -0.94
17.45      -0.85     165.14      -1.07
17.51      -1.15     164.95      -0.82
17.56      -0.21     164.29      -0.87
17.62      -0.36     164.12      -1.07
17.68      -1.00     163.72      -0.88
17.73      -0.55     163.40      -1.02
17.79      -0.74     162.96      -1.15
17.85      -0.10     163.21      -1.12
17.91      -1.26     162.57      -1.09
17.96      -0.72     162.49      -0.96
18.02      -0.75     162.52      -0.77
18.08      -0.15     162.08      -1.00
18.13      -0.60     161.43      -0.85
18.19      -0.12     161.70      -0.98
18.25      -0.29     162.81      -0.87
18.30       0.03     163.60      -0.72
18.36      -0.81     163.96      -0.95
18.42      -1.34     164.26      -0.69
18.47      -0.36     165.08      -0.64
18.53       0.28     165.53      -0.66
18.59      -0.34     165.71      -0.67
18.64      -0.64     166.14      -0.61
18.70       0.22     166.41      -0.61
18.76      -0.68     166.52      -0.68
18.82       0.24     166.08      -0.69
18.87       0.02     166.01      -0.62
18.93       0.11     166.19      -0.82
18.99      -1.36     166.62      -0.70
19.04       0.07     166.32      -0.63
19.10      -0.60     166.20      -0.72
19.16       0.31     166.32      -0.54
19.21       0.21     166.37      -0.73
19.27       0.80     166.72      -0.66
19.33      -0.79     166.46      -0.58
19.38      -0.04     166.49      -0.66
19.44      -0.00     166.97      -0.59
19.50      -0.55     166.26      -0.44
19.55      -0.00     166.86      -0.57
19.61      -0.04     166.51      -0.66
19.67      -0.45     166.43      -0.65
19.73       0.32     166.65      -0.83
19.78      -0.59     166.76      -0.68
19.84      -0.62     166.92      -0.87
19.90      -0.27     166.85      -0.65
19.95       0.11     166.70      -0.59
20.01       0.15     166.50      -0.66
20.07      -0.40     167.22      -0.86
20.12       0.11     166.79      -0.77
20.18      -0.72     167.00      -0.70
20.24      -0.81     167.06      -0.64
20.30      -0.57     166.86      -0.69
20.35       0.11     167.02      -0.67
20.41       0.34     166.80      -0.77
20.46      -0.62     166.90      -0.62
20.52      -0.38     167.23      -0.60
20.58      -0.57     166.98      -0.51
20.64      -0.62     167.12      -0.57
20.69      -0.44     167.04      -0.62
20.75       0.15     167.12      -0.68
20.81      -0.15     166.97      -0.71
20.86      -0.70     166.72      -0.79
20.92      -0.72     166.78      -0.79
20.98      -0.68     166.68      -0.81
21.03      -0.40     166.88      -0.81
21.09      -1.13     167.00      -0.80
21.15      -0.98     166.95      -0.75
21.20      -0.75     166.87      -0.77
21.26      -0.04     166.68      -0.80
21.32       0.22     166.85      -0.70
21.37       0.58     166.97      -0.92
21.43      -1.27     166.68      -0.70
21.49      -0.13     166.93      -0.81
21.54       0.54     166.90      -0.85
21.60       0.11     166.76      -0.90
21.66      -0.29     166.52      -0.56
21.72      -0.34     166.66      -0.79
21.77      -1.02     166.88      -0.74
21.83      -0.64     167.04      -0.77
21.89       0.56     166.66      -0.74
21.94      -0.32     166.50      -0.86
22.00      -0.51     166.70      -0.71
22.06      -1.38     166.74      -0.67
22.11      -0.02     166.75      -0.79
22.17      -0.49     166.96      -0.77
22.23      -0.02     166.55      -0.72
22.28      -0.68     166.41      -0.76
22.34       0.02     166.68      -0.71
22.40      -0.57     166.34      -0.63
22.45      -0.49     166.70      -0.85
22.51      -0.12     166.50      -0.76
22.57      -0.42     166.59      -0.91
22.63      -0.29     166.74      -0.91
22.68       0.31     166.24      -0.74
22.74       0.11     166.40      -0.70
22.80      -0.02     166.42      -0.72
22.85      -0.64     165.94      -0.91
22.91      -0.95     166.38      -0.91
22.97      -0.77     166.15      -0.81
23.02      -0.34     166.19      -0.69
23.08      -0.96     166.22      -0.82
23.14      -0.17     166.26      -0.73
23.19      -0.77     166.16      -0.72
23.25      -0.64     166.13      -0.88
23.31      -0.33     166.05      -0.88
23.36       0.29     166.73      -0.72
23.42      -0.23     165.86      -0.99
23.48      -0.13     166.41      -0.74
23.53      -0.36     166.02      -0.85
23.59      -0.51     165.98      -0.80
23.65      -0.27     165.84      -0.91
23.70       0.52     165.59      -0.80
23.76      -0.68     165.87      -0.78
23.82      -0.53     165.67      -0.78
23.88      -0.15     165.40      -0.78
23.93      -0.10     165.55      -0.73
23.99      -0.02     165.83      -0.87
24.05      -0.25     165.41      -0.68
24.10      -0.10     165.47      -0.77
24.16      -0.27     165.56      -0.85
24.22      -1.47     165.72      -0.70
24.27      -0.00     165.62      -0.87
24.33      -0.38     165.93      -0.78
24.39      -0.51     165.58      -0.93
24.45       0.17     165.22      -0.88
24.50      -0.83     164.33      -1.17
24.56       0.37     163.99      -0.88
24.62       0.26     163.70      -0.98
24.67       0.39     162.89      -0.99
24.73      -0.70     162.99      -1.09
24.79      -1.19     162.66      -0.86
24.84      -0.64     162.10      -0.91
24.90      -0.83     161.43      -0.87
24.96      -0.98     161.44      -0.78
25.01      -1.36     161.09      -0.89
25.07       0.02     160.71      -0.88
25.13      -0.12     160.26      -0.65
25.18      -0.75     160.06      -0.76
25.24      -0.40     159.57      -0.89
25.30      -0.55     159.89      -0.72
25.36      -0.65     159.09      -0.87
25.41      -0.74     159.95      -0.88
25.47      -0.75     160.79      -0.64
25.53      -0.37     161.82      -0.69
25.58      -0.30     162.40      -0.81
25.64      -0.14     162.68      -0.71
25.70       0.18     162.83      -0.76
25.75      -0.47     163.28      -0.64
25.81      -1.04     163.83      -0.54
25.87       0.97     163.90      -0.53
25.92      -0.62     163.83      -0.47
25.98       0.02     164.09      -0.42
26.04       0.14     164.27      -0.60
26.10       0.58     163.97      -0.57
26.15      -0.72     163.92      -0.52
26.21      -0.40     164.29      -0.60
26.27      -0.40     164.02      -0.62
26.32      -0.91     164.35      -0.53
26.38       0.30     164.15      -0.67
26.44       0.66     164.08      -0.40
26.49       0.49     164.12      -0.61
26.55      -0.25     164.54      -0.40
26.61      -0.36     164.49      -0.64
26.66      -0.27     164.28      -0.55
26.72      -0.23     164.34      -0.69
26.78       0.26     164.42      -0.32
26.83      -0.12     164.10      -0.71
26.89      -0.02     164.52      -0.61
26.95       0.47     164.54      -0.55
27.00      -0.68     164.51      -0.69
27.06      -0.03     164.41      -0.65
27.12       0.05     164.61      -0.76
27.17      -0.60     164.62      -0.61
27.23      -0.60     164.69      -0.53
27.29       0.15     164.31      -0.53
27.35      -0.43     164.29      -0.57
27.40      -0.02     164.56      -0.59
27.46       0.32     164.36      -0.62
27.52      -0.50     164.61      -0.88
27.57      -0.02     164.67      -0.64
27.63      -0.15     164.27      -0.67
27.69      -0.53     164.34      -0.67
27.74      -0.85     164.51      -0.66
27.80      -0.87     164.34      -0.65
27.86      -0.17     164.43      -0.60
27.91      -0.62     164.57      -0.68
27.97       0.26     164.57      -0.86
28.03      -0.15     164.53      -0.75
28.08      -1.09     164.72      -0.61
28.14      -0.60     164.73      -0.53
28.20      -0.70     164.46      -0.44
28.25      -0.30     164.15      -0.72
28.31      -0.38     164.26      -0.58
28.37       0.39     164.52      -0.64
28.43       0.52     164.60      -0.71
28.48      -0.51     164.60      -0.61
28.54      -1.34     164.58      -0.56
28.60       0.07     164.50      -0.80
28.65      -0.02     164.59      -0.51
28.71      -0.25     164.50      -0.43
28.77       0.79     164.31      -0.59
28.82      -0.02     164.58      -0.70
28.88      -0.25     164.69      -0.60
28.94      -0.26     164.55      -0.50
28.99       0.13     164.25      -0.53
29.05      -0.00     164.21      -0.60
29.11      -0.76     164.40      -0.77
29.16       0.05     164.25      -0.67
29.22      -1.33     164.12      -0.55
29.28       0.02     164.19      -0.47
29.33      -0.04     164.00      -0.80
29.39       0.08     164.20      -0.61
29.45      -0.33     164.28      -0.71
29.51      -0.21     164.34      -0.62
29.56       0.17     163.97      -0.81
29.62      -1.19     164.16      -0.47
29.68      -0.44     164.31      -0.50
29.73      -0.76     163.95      -0.58
29.79      -1.13     164.10      -0.57
29.85      -0.08     163.91      -0.54
29.90      -0.85     164.20      -0.72
29.96      -0.07     163.95      -0.66
30.02      -0.71     164.11      -0.57
30.07      -0.45     164.01      -0.53
30.13      -0.55     163.81      -0.53
30.19      -0.78     164.08      -0.68
30.25      -0.38     163.48      -0.60
30.30       0.03     164.05      -0.65
30.36      -0.40     163.71      -0.54
30.42       0.13     163.70      -0.66
30.47      -0.44     163.91      -0.63
30.53      -0.00     163.89      -0.53
30.59      -0.91     162.64      -0.53
30.64      -0.47     162.17      -0.80
30.70      -0.16     161.60      -0.78
30.76       0.43     161.74      -0.57
30.81      -0.23     161.25      -0.87
30.87      -0.42     161.20      -0.46
30.93      -0.62     160.49      -0.83
30.99      -0.04     160.42      -0.66
31.04      -0.23     159.86      -0.67
31.10      -0.82     159.63      -0.86
31.16      -1.13     159.48      -0.71
31.21      -0.12     158.60      -0.89
31.27      -0.55     158.33      -0.59
31.33      -0.66     158.33      -0.84
31.38      -0.25     157.44      -0.80
31.44      -1.36     157.63      -0.74
31.50      -0.02     158.55      -0.61
31.55      -0.45     159.45      -0.51
31.61       0.09     160.16      -0.47
31.67      -0.81     160.43      -0.60
31.72      -0.48     161.29      -0.54
31.78       0.69     161.59      -0.53
31.83       0.67     161.49      -0.48
31.89      -0.09     162.30      -0.29
31.95       0.36     162.42      -0.50
32.01      -0.43     162.22      -0.48
32.06      -0.74     162.38      -0.19
32.12       0.37     162.52      -0.58
32.18       0.41     162.61      -0.31
32.23       0.55     162.72      -0.39
32.29      -0.21     162.63      -0.63
32.35       0.22     162.53      -0.35
32.40      -0.87     162.30      -0.49
32.46       0.37     162.73      -0.46
32.52       0.75     162.47      -0.47
32.57      -0.36     162.29      -0.28
32.63      -0.04     162.40      -0.36
32.69       0.07     162.61      -0.38
32.75       0.65     162.50      -0.48
32.80       0.50     162.52      -0.49
32.86      -0.29     162.73      -0.51
32.92      -0.30     162.66      -0.51
32.97      -0.53     162.36      -0.49
33.03      -0.51     162.58      -0.47
33.09       0.30     162.81      -0.43
33.14       0.20     162.63      -0.30
33.20      -0.59     163.02      -0.52
33.26       0.03     162.72      -0.52
33.31      -0.75     162.83      -0.50
33.37      -0.02     162.24      -0.56
33.43      -0.47     162.57      -0.36
33.49      -0.00     162.37      -0.41
33.54       0.47     162.66      -0.50
33.60       0.86     162.70      -0.19
33.66      -0.10     162.52      -0.37
33.71      -0.60     162.26      -0.54
33.77       0.22     162.65      -0.47
33.83      -0.00     162.63      -0.37
33.88       0.22     162.83      -0.47
33.94       0.32     162.69      -0.66
34.00       0.28     162.51      -0.62
34.05      -0.13     162.50      -0.65
34.11      -0.40     162.51      -0.76
34.17       0.24     162.78      -0.42
34.23       0.20     162.48      -0.48
34.28      -0.32     162.11      -0.57
34.34      -0.27     162.59      -0.40
34.40      -0.06     162.62      -0.37
34.45      -0.23     162.45      -0.42
34.51      -0.00     162.67      -0.48
34.57      -0.47     162.64      -0.42
34.62       0.58     162.43      -0.62
34.68      -0.19     162.42      -0.35
34.74      -0.89     162.56      -0.52
34.79       0.05     162.58      -0.53
34.85       0.65     162.21      -0.56
34.91      -0.62     162.80      -0.40
34.97      -0.53     162.64      -0.58
35.02      -0.12     162.61      -0.67
35.08      -0.17     162.73      -0.45
35.14       0.14     162.73      -0.48
35.19       0.75     162.53      -0.67
35.25      -0.25     162.53      -0.47
35.31      -0.15     162.58      -0.49
35.36      -0.08     162.63      -0.53
35.42       0.47     162.65      -0.39
35.48      -0.34     162.63      -0.55
35.54      -0.99     162.62      -0.67
35.59       0.41     162.58      -0.40
35.65       0.03     162.13      -0.38
35.71      -0.55     162.41      -0.65
35.76      -0.10     162.63      -0.62
35.82       0.24     161.95      -0.42
35.88      -0.08     162.31      -0.70
35.94       0.45     162.73      -0.40
35.99       0.22     162.24      -0.52
36.05      -0.44     162.31      -0.39
36.11       0.72     162.18      -0.63
36.16      -0.54     162.69      -0.51
36.22       0.37     162.07      -0.54
36.28      -0.72     162.68      -0.53
36.33      -0.79     162.06      -0.50
36.39      -0.38     162.48      -0.39
36.45      -0.94     162.37      -0.35
36.50       0.73     162.29      -0.62
36.56       0.17     162.34      -0.40
36.62       0.25     162.46      -0.72
36.67       0.84     162.63      -0.45
36.73       0.20     161.99      -0.58
36.79      -0.17     162.08      -0.68
36.84      -0.67     162.64      -0.53
36.90      -0.15     162.19      -0.56
36.96       0.32     162.25      -0.60
37.01      -0.66     162.32      -0.46
37.07       0.20     162.27      -0.56
37.13      -0.96     162.01      -0.72
37.19       0.02     162.41      -0.49
37.24       0.93     162.14      -0.40
37.30       0.65     162.35      -0.25
37.36      -0.81     162.47      -0.48
37.41      -0.00     162.35      -0.55
37.47      -0.04     162.17      -0.51
37.53      -0.02     162.40      -0.79
37.58      -0.27     162.03      -0.39
37.64       0.17     162.17      -0.50
37.70      -0.75     162.02      -0.65
37.76      -0.55     161.44      -0.54
37.81      -0.82     160.92      -0.75
37.87      -0.79     160.33      -0.75
37.93      -0.40     160.00      -0.53
37.98      -0.00     160.27      -0.42
38.04      -0.96     160.26      -0.41
38.10      -0.75     159.35      -0.70
38.16      -1.06     159.78      -0.71
38.21      -0.85     159.58      -0.49
38.27      -0.76     159.30      -0.55
38.33       0.17     158.81      -0.58
38.38      -0.57     158.48      -0.44
38.44      -0.08     158.29      -0.67
38.50       0.39     158.27      -0.44
38.55       0.48     157.83      -0.70
38.61      -1.36     157.40      -0.73
38.67      -0.45     157.11      -0.64
38.73      -0.38     156.58      -0.91
38.78      -0.89     156.45      -0.92
38.84      -0.38     155.32      -0.46
38.90       0.39     155.53      -0.52
38.95      -0.21     156.61      -0.55
39.01       0.22     157.76      -0.49
39.07      -0.27     158.02      -0.63
39.12       0.54     158.46      -0.44
39.18       0.28     159.03      -0.31
39.24       0.24     160.06      -0.44
39.30       1.05     160.53      -0.38
39.35       0.73     160.28      -0.02
39.41      -0.15     160.75      -0.25
39.47      -0.38     160.71      -0.04
39.52      -0.12     160.53      -0.35
39.58      -0.08     160.93      -0.21
39.64       0.18     160.72      -0.23
39.69      -0.04     161.00      -0.25
39.75       1.07     160.64      -0.41
39.81       0.36     160.53      -0.19
39.87       0.60     160.54      -0.39
39.92       0.56     160.75      -0.40
39.98       0.08     160.93      -0.24
40.04      -0.19     160.92      -0.24
40.09      -0.85     160.72      -0.28
40.15      -0.71     160.80      -0.27
40.21       0.28     160.96      -0.20
40.26      -0.30     160.86      -0.29
40.32      -0.08     161.02      -0.26
40.38      -0.31     160.90      -0.20
40.43       0.07     160.61      -0.29
40.49       0.42     161.15      -0.37
40.55       0.01     160.92      -0.37
40.61      -0.08     161.21      -0.32
40.66      -0.12     161.16      -0.23
40.72      -0.03     160.35      -0.34
40.78      -0.25     160.96      -0.41
40.83       0.28     160.97      -0.35
40.89      -0.89     160.56      -0.35
40.95       0.73     160.85      -0.21
41.01      -0.62     160.98      -0.44
41.06       0.52     160.73      -0.26
41.12      -0.44     160.94      -0.58
41.18      -0.02     160.95      -0.40
41.23      -0.00     160.84      -0.40
41.29       0.54     161.21      -0.53
41.35      -0.15     160.75      -0.58
41.40      -0.60     161.06      -0.47
41.46       0.41     160.91      -0.39
41.52      -0.15     160.82      -0.34
41.57       0.60     160.77      -0.43
41.63      -0.43     161.15      -0.57
41.69       0.84     161.00      -0.21
41.75      -0.04     160.84      -0.19
41.80       0.43     161.22      -0.47
41.86       0.84     161.01      -0.42
41.92       0.18     161.08      -0.29
41.97       0.15     160.64      -0.54
42.03      -0.75     160.81      -0.37
42.09       0.28     160.85      -0.39
42.14      -0.13     160.79      -0.32
42.20       0.18     161.22      -0.13
42.26       0.09     160.99      -0.23
42.31      -0.17     160.70      -0.48
42.37       0.08     161.03      -0.30
42.43      -0.34     160.96      -0.49
42.49      -0.42     160.80      -0.17
42.54       0.30     160.93      -0.20
42.60       0.36     160.89      -0.36
42.66       0.15     161.16      -0.34
42.71       0.13     161.18      -0.32
42.77       0.09     161.07      -0.50
42.83       0.45     161.06      -0.40
42.88      -0.38     160.81      -0.42
42.94      -0.83     160.72      -0.46
43.00       0.09     160.90      -0.40
43.06      -0.51     160.90      -0.46
43.11      -0.13     160.71      -0.43
43.17      -0.08     160.84      -0.50
43.23      -0.57     160.79      -0.33
43.28       0.77     160.58      -0.31
43.34      -0.27     160.98      -0.36
43.40      -0.02     160.53      -0.48
43.46       0.30     161.09      -0.52
43.51       0.18     161.35      -0.39
43.57       0.18     160.89      -0.38
43.63      -0.83     160.59      -0.33
43.68      -0.72     160.42      -0.28
43.74       0.64     160.89      -0.52
43.80       0.34     161.19      -0.32
43.85      -0.25     160.97      -0.26
43.91       0.34     160.61      -0.32
43.97       0.17     160.98      -0.90
44.03      -0.62     160.93      -0.66
44.08      -0.29     160.94      -0.78
44.14      -0.38     160.50      -0.92
44.20      -1.02     160.88      -0.89
44.25       0.32     160.82      -0.82
44.31      -0.44     160.87      -0.81
44.37      -0.60     161.03      -0.87
44.42      -1.06     160.82      -0.74
44.48      -0.23     160.76      -0.85
44.54       0.20     160.73      -1.08
44.59      -0.59     160.67      -0.98
44.65      -0.87     160.86      -0.71
44.71      -0.32     160.77      -0.64
