 0.00     -10.14      32.35     -12.36
 0.06     -12.07      33.07     -11.27
 0.11     -11.17      34.15     -10.75
 0.17     -11.15      34.69     -10.49
 0.23     -10.43      35.37     -10.05
 0.28     -10.17      35.44     -10.14
 0.34     -10.08      36.15      -9.97
 0.40      -9.44      36.71     -10.17
 0.45      -9.94      37.09     -10.01
 0.51     -10.15      37.62      -9.91
 0.56      -9.40      37.79      -9.88
 0.62     -10.15      38.11     -10.15
 0.68     -10.96      38.40     -10.49
 0.73     -10.35      38.73     -10.36
 0.79      -9.25      38.77      -9.75
 0.85     -10.04      39.38      -9.47
 0.90      -9.32      39.31      -9.73
 0.96      -9.14      39.51      -9.23
 1.02      -8.73      39.86      -9.30
 1.07      -9.10      39.95      -9.46
 1.13      -9.81      40.54      -9.23
 1.19      -8.72      40.39      -9.01
 1.24      -8.76      40.84      -9.42
 1.30      -8.77      40.90      -9.09
 1.36      -9.02      40.78      -9.23
 1.41      -8.78      40.95      -8.98
 1.47      -8.87      41.05      -9.04
 1.53      -9.46      41.59      -8.89
 1.58      -9.39      41.31      -9.29
 1.64      -8.93      41.72      -8.86
 1.70      -9.32      41.91      -9.08
 1.75     -10.06      42.06      -8.82
 1.81      -8.16      42.46      -8.78
 1.87      -7.81      41.95      -8.64
 1.92      -8.77      42.08      -8.98
 1.98      -9.23      42.35      -8.95
 2.04      -8.47      42.44      -8.99
 2.10      -9.73      42.57      -8.97
 2.15      -8.54      42.36      -8.83
 2.21      -8.33      42.73      -8.83
 2.27      -9.21      42.68      -8.74
 2.32      -8.71      43.17      -8.69
 2.38      -8.80      42.95      -8.84
 2.44      -8.72      43.13      -8.72
 2.49      -8.59      43.14      -8.70
 2.55      -7.45      43.42      -8.80
 2.61      -8.42      43.78      -8.76
 2.66      -9.48      43.40      -8.72
 2.72      -7.69      43.82      -8.97
 2.77      -9.04      43.71      -8.78
 2.83      -8.32      43.66      -8.46
 2.89      -8.95      43.98      -8.75
 2.94      -8.37      43.78      -8.32
 3.00      -8.74      44.09      -8.70
 3.06      -8.33      44.05      -8.57
 3.11      -8.18      44.48      -8.61
 3.17      -8.27      44.30      -8.61
 3.23      -8.82      44.08      -8.42
 3.28      -8.65      44.47      -8.42
 3.34      -8.35      44.58      -8.54
 3.40      -8.31      44.75      -8.43
 3.45      -8.61      44.59      -8.34
 3.51      -8.37      44.96      -8.38
 3.57      -8.20      44.84      -8.40
 3.62      -8.66      44.99      -8.56
 3.68      -8.54      44.63      -8.48
 3.74      -9.08      44.90      -8.09
 3.79      -8.32      45.07      -8.29
 3.85      -8.69      44.96      -8.35
 3.91      -7.56      44.82      -8.31
 3.96      -8.70      45.11      -8.29
 4.02      -8.26      45.49      -7.88
 4.08      -8.67      45.21      -8.04
 4.13      -7.73      45.59      -7.94
 4.19      -8.12      45.32      -7.86
 4.25      -8.21      45.85      -8.08
 4.30      -7.33      45.62      -7.78
 4.36      -8.04      45.51      -7.87
 4.42      -7.61      46.00      -7.83
 4.47      -8.44      46.07      -7.83
 4.53      -7.28      45.56      -7.82
 4.59      -8.31      45.81      -7.81
 4.64      -7.50      46.04      -7.62
 4.70      -7.53      45.92      -7.79
 4.76      -8.07      45.89      -7.57
 4.81      -7.37      45.83      -7.59
 4.87      -6.73      46.03      -7.84
 4.93      -7.67      46.51      -7.63
 4.98      -8.16      46.52      -7.75
 5.04      -6.60      46.30      -7.53
 5.10      -7.13      46.36      -7.83
 5.15      -7.22      46.34      -7.91
 5.21      -7.01      46.51      -7.86
 5.27      -7.73      46.69      -7.75
 5.32      -7.28      46.69      -7.78
 5.38      -6.94      46.68      -7.55
 5.44      -7.05      46.51      -7.59
 5.49      -8.33      46.54      -7.64
 5.55      -7.11      46.86      -7.60
 5.61      -7.28      46.91      -7.55
 5.66      -7.90      46.95      -7.59
 5.72      -7.84      46.67      -7.72
 5.78      -6.75      47.07      -7.65
 5.83      -8.46      46.87      -7.66
 5.89      -6.71      47.01      -7.67
 5.95      -6.51      47.35      -7.47
 6.00      -7.52      47.08      -7.60
 6.06      -7.54      47.25      -7.49
 6.12      -7.71      47.23      -7.47
 6.17      -7.07      47.31      -7.44
 6.23      -7.46      47.32      -7.60
 6.29      -6.88      47.17      -7.51
 6.34      -8.03      47.37      -7.57
 6.40      -7.54      47.27      -7.55
 6.46      -7.54      47.42      -7.48
 6.51      -7.14      47.67      -7.46
 6.57      -7.64      47.44      -7.67
 6.63      -7.78      47.65      -7.46
 6.69      -6.83      47.34      -7.40
 6.74      -7.05      47.54      -7.25
 6.80      -6.15      47.65      -7.50
 6.86      -6.69      47.59      -7.57
 6.91      -6.79      47.66      -7.54
 6.97      -7.28      47.72      -7.56
 7.03      -7.11      47.66      -7.73
 7.08      -7.14      47.77      -7.37
 7.14      -6.68      47.87      -7.56
 7.20      -7.83      47.90      -7.50
 7.25      -7.73      48.06      -7.33
 7.31      -7.09      47.69      -7.13
 7.37      -6.68      48.05      -7.23
 7.42      -7.13      47.70      -7.46
 7.48      -7.54      48.04      -7.28
 7.54      -7.95      47.73      -7.35
 7.59      -6.67      47.97      -7.62
 7.65      -7.31      47.99      -7.47
 7.71      -6.62      47.90      -7.30
 7.76      -7.45      48.21      -7.35
 7.82      -6.47      47.75      -7.34
 7.88      -7.28      48.20      -7.25
 7.93      -8.10      48.40      -7.36
 7.99      -6.69      48.14      -7.45
 8.05      -7.46      48.15      -7.23
 8.10      -7.18      48.42      -7.35
 8.16      -6.79      48.59      -7.57
 8.22      -8.18      48.56      -7.21
 8.27      -7.14      48.49      -7.20
 8.33      -7.11      48.54      -7.47
 8.39      -6.83      48.23      -7.19
 8.44      -6.04      48.45      -7.34
 8.50      -7.28      48.36      -7.50
 8.56      -6.12      48.43      -7.25
 8.61      -7.07      48.50      -7.10
 8.67      -7.52      48.64      -7.35
 8.73      -6.98      48.49      -7.18
 8.78      -7.16      48.38      -7.39
 8.84      -7.24      48.87      -7.50
 8.90      -7.63      48.83      -7.33
 8.95      -6.91      48.92      -6.88
 9.01      -7.18      48.59      -7.19
 9.07      -7.78      48.63      -7.16
 9.12      -6.37      48.72      -7.26
 9.18      -6.21      48.92      -7.32
 9.24      -6.91      48.96      -7.13
 9.29      -7.18      48.81      -7.36
 9.35      -6.49      49.03      -7.27
 9.41      -7.14      49.41      -7.05
 9.46      -6.94      49.05      -7.21
 9.52      -6.37      48.97      -7.33
 9.58      -6.43      49.03      -7.32
 9.63      -6.35      48.88      -7.42
 9.69      -7.39      49.22      -7.21
 9.75      -6.51      49.36      -7.11
 9.80      -7.31      49.08      -7.35
 9.86      -6.66      49.02      -7.31
 9.92      -6.81      49.25      -7.10
 9.97      -7.50      49.44      -7.10
10.03      -6.21      49.27      -7.12
10.09      -6.71      49.32      -7.06
10.14      -7.39      49.38      -7.15
10.20      -7.43      49.18      -7.24
10.25      -7.30      49.14      -7.15
10.31      -6.32      49.06      -7.29
10.37      -7.69      49.11      -7.12
10.43      -7.01      49.46      -7.08
10.48      -6.73      49.35      -7.18
10.54      -6.77      49.34      -7.13
10.60      -7.95      49.25      -6.90
10.65      -6.04      49.56      -7.21
10.71      -7.14      49.78      -7.34
10.77      -7.48      49.25      -7.07
10.83      -6.52      49.49      -7.46
10.88      -6.45      49.67      -7.18
10.94      -7.22      49.81      -7.08
11.00      -7.16      49.51      -7.34
11.05      -7.39      49.60      -7.26
11.11      -6.83      49.79      -7.25
11.17      -6.41      49.65      -7.25
11.22      -7.35      49.64      -7.20
11.28      -6.83      49.69      -7.04
11.34      -7.39      49.72      -6.87
11.39      -7.50      49.74      -7.07
11.45      -7.45      49.68      -7.10
11.51      -7.22      49.78      -7.12
11.56      -6.58      49.63      -7.19
11.62      -7.43      49.65      -6.90
11.68      -6.97      49.79      -7.16
11.73      -7.46      49.93      -7.03
11.79      -7.28      49.97      -6.87
11.85      -6.70      49.91      -6.80
11.90      -6.41      49.89      -6.76
11.96      -6.01      50.11      -7.15
12.02      -7.11      49.98      -6.79
12.07      -7.13      50.14      -6.73
12.13      -6.01      49.99      -6.96
12.19      -6.60      50.30      -6.96
12.24      -7.61      50.11      -7.00
12.30      -6.83      50.21      -6.91
12.36      -7.45      50.05      -6.78
12.41      -5.90      50.38      -6.83
12.47      -7.14      50.19      -6.80
12.53      -6.77      50.44      -6.86
12.58      -5.73      50.04      -6.45
12.64      -5.92      50.08      -6.77
12.70      -6.96      50.14      -6.80
12.75      -6.01      50.23      -6.82
12.81      -7.14      50.30      -6.88
12.86      -6.19      50.29      -6.98
12.92      -6.26      50.25      -7.26
12.98      -7.31      50.21      -7.14
13.03      -6.40      50.39      -6.71
13.09      -6.18      50.25      -6.82
13.15      -6.67      50.29      -6.96
13.20      -6.92      50.22      -7.02
13.26      -6.84      50.51      -6.95
13.32      -6.28      50.50      -7.00
13.37      -6.06      50.65      -6.81
13.43      -6.81      50.64      -6.95
13.49      -6.66      50.52      -6.96
13.54      -7.01      50.57      -6.77
13.60      -6.40      50.48      -6.41
13.66      -6.49      50.71      -6.86
13.71      -6.86      50.55      -6.58
13.77      -7.18      50.83      -6.89
13.83      -7.42      50.78      -6.68
13.88      -6.81      50.56      -6.90
13.94      -6.96      50.46      -6.81
14.00      -6.39      50.37      -6.84
14.06      -5.67      50.55      -6.71
14.11      -6.73      50.55      -6.81
14.17      -5.72      50.40      -6.90
14.23      -6.45      50.59      -6.80
14.28      -6.62      50.51      -6.85
14.34      -7.70      50.68      -6.68
14.40      -5.92      50.69      -7.08
14.45      -6.73      50.38      -6.63
14.51      -6.68      50.54      -6.54
14.57      -5.64      50.99      -6.91
14.62      -6.54      50.51      -6.90
14.68      -6.22      51.21      -6.73
14.73      -6.63      50.94      -6.85
14.79      -6.88      50.58      -6.73
14.85      -6.92      50.53      -6.92
14.91      -6.60      51.03      -6.93
14.96      -5.90      50.86      -6.82
15.02      -6.28      50.93      -6.76
15.08      -6.26      50.65      -6.82
15.13      -6.06      50.77      -6.99
15.19      -6.86      51.10      -6.90
15.25      -6.58      50.89      -6.89
15.30      -6.36      50.66      -6.68
15.36      -5.79      50.95      -6.98
15.42      -6.39      50.83      -6.82
15.47      -5.83      50.95      -6.78
15.53      -6.71      51.14      -6.68
15.59      -6.45      50.98      -6.60
15.64      -6.83      50.90      -6.69
15.70      -7.39      50.94      -6.43
15.76      -6.62      51.02      -6.60
15.81      -5.58      51.20      -6.58
15.87      -6.11      51.35      -6.42
15.93      -7.16      50.91      -6.55
15.98      -6.98      50.81      -6.84
16.04      -7.35      51.05      -7.01
16.10      -6.79      51.17      -6.83
16.15      -6.94      51.04      -6.66
16.21      -6.15      51.02      -6.66
16.26      -5.74      51.09      -6.55
16.32      -6.00      51.40      -6.52
16.38      -6.88      51.02      -6.52
16.43      -6.67      51.25      -6.57
16.49      -5.58      51.12      -6.51
16.55      -6.77      51.32      -6.60
16.60      -6.17      51.25      -6.48
16.66      -6.94      51.06      -6.53
16.72      -6.78      51.35      -6.70
16.77      -6.60      51.27      -6.58
16.83      -6.99      51.23      -6.44
16.89      -6.56      51.09      -7.03
16.94      -7.41      51.47      -6.46
17.00      -6.54      51.20      -6.69
17.05      -7.14      51.46      -6.44
17.11      -5.51      51.80      -6.58
17.17      -5.58      51.37      -6.81
17.22      -6.83      51.43      -6.44
17.28      -6.19      51.32      -6.34
17.33      -5.94      51.27      -6.60
17.39      -6.67      51.41      -6.42
17.45      -5.34      51.24      -6.44
17.50      -6.24      51.46      -6.58
17.56      -6.02      51.64      -6.54
17.62      -6.36      51.61      -6.40
17.67      -5.57      51.52      -6.42
17.73      -6.00      51.59      -6.48
17.79      -6.74      51.26      -6.04
17.84      -6.69      51.59      -6.18
17.90      -5.72      51.56      -6.45
17.96      -6.19      51.54      -6.74
18.01      -6.77      51.46      -6.50
18.07      -6.71      51.77      -6.31
18.13      -5.51      51.62      -6.57
18.18      -5.67      51.30      -6.45
18.24      -6.60      51.58      -6.46
18.29      -5.89      51.77      -6.53
18.35      -5.62      51.33      -6.24
18.41      -5.81      51.48      -6.54
18.46      -6.09      51.48      -6.45
18.52      -6.13      51.47      -6.70
18.58      -6.66      51.74      -6.23
18.63      -6.86      51.78      -6.42
18.69      -7.03      51.82      -6.62
18.75      -6.43      51.51      -6.37
18.80      -6.86      51.71      -6.45
18.86      -6.58      52.00      -6.56
18.92      -5.96      51.71      -6.36
18.97      -5.32      51.79      -6.37
19.03      -5.61      51.67      -6.39
19.08      -6.41      51.67      -6.77
19.14      -7.16      51.61      -6.40
19.20      -6.45      51.81      -6.49
19.25      -6.81      51.66      -6.64
19.31      -5.55      51.67      -6.59
19.37      -5.83      51.88      -6.44
19.42      -5.30      51.83      -6.40
19.48      -6.62      51.86      -6.50
19.53      -5.32      51.93      -6.56
19.59      -5.89      52.15      -6.39
19.65      -6.28      52.04      -6.22
19.70      -6.23      51.68      -6.33
19.76      -5.27      52.01      -6.56
19.82      -5.40      52.15      -6.72
19.87      -6.49      51.81      -6.56
19.93      -6.04      51.96      -6.49
19.99      -5.85      52.24      -6.31
20.04      -6.21      52.22      -6.49
20.10      -5.74      52.18      -6.39
20.16      -6.90      52.19      -6.57
20.21      -6.32      52.11      -6.47
20.27      -5.64      51.96      -6.39
20.33      -5.55      52.01      -6.56
20.38      -6.79      51.98      -6.17
20.44      -6.58      52.07      -6.27
20.50      -6.51      51.91      -6.41
20.55      -5.62      52.19      -6.15
20.61      -6.21      52.10      -6.27
20.66      -5.67      52.15      -6.17
20.72      -6.07      52.18      -6.22
20.78      -6.52      52.03      -6.49
20.84      -5.85      52.06      -6.36
20.89      -7.07      52.28      -6.46
20.95      -5.77      52.27      -6.24
21.00      -5.89      52.33      -6.26
21.06      -6.51      52.43      -6.04
21.12      -5.57      52.17      -6.37
21.17      -6.30      52.21      -6.38
21.23      -6.24      52.20      -6.35
21.29      -6.47      52.34      -6.29
21.34      -5.83      52.35      -6.11
21.40      -5.83      52.32      -6.13
21.46      -6.24      52.40      -6.38
21.51      -6.05      52.10      -6.20
21.57      -5.57      52.23      -6.44
21.62      -6.54      52.36      -6.22
21.68      -5.90      52.14      -6.12
21.74      -5.45      52.16      -6.36
21.79      -6.21      52.58      -6.24
21.85      -5.74      52.39      -6.20
21.91      -6.39      52.53      -6.19
21.96      -5.87      52.37      -6.14
22.02      -5.28      52.17      -6.19
22.08      -5.83      52.64      -6.15
22.13      -6.15      52.31      -6.42
22.19      -5.25      52.37      -6.20
22.25      -6.47      52.77      -6.49
22.30      -6.02      52.66      -6.22
22.36      -5.68      52.50      -6.18
22.42      -5.64      52.51      -6.32
22.47      -6.22      52.72      -6.39
22.53      -5.92      52.62      -6.23
22.59      -6.22      52.31      -6.04
22.64      -5.75      52.54      -6.18
22.70      -6.87      52.33      -6.46
22.76      -5.13      52.62      -6.28
22.81      -5.21      52.59      -6.56
22.87      -5.83      52.29      -6.25
22.92      -6.99      52.36      -6.22
22.98      -5.75      52.51      -6.40
23.04      -6.24      52.68      -6.35
23.09      -6.43      52.37      -6.27
23.15      -6.47      52.55      -6.40
23.21      -5.04      52.37      -6.15
23.26      -6.37      52.58      -6.45
23.32      -5.92      52.52      -6.17
23.38      -5.66      52.41      -6.25
23.43      -6.32      52.78      -6.38
23.49      -6.41      52.77      -6.19
23.54      -6.41      52.76      -6.11
23.60      -5.60      52.57      -6.50
23.66      -6.00      52.56      -6.20
23.71      -6.60      52.53      -5.97
23.77      -6.39      52.58      -6.02
23.83      -6.19      52.51      -6.42
23.88      -5.92      52.60      -6.11
23.94      -5.53      52.61      -6.26
24.00      -6.71      52.83      -6.18
24.05      -5.92      52.89      -6.44
24.11      -6.09      52.67      -6.10
24.17      -6.05      52.78      -6.24
24.22      -5.75      52.62      -6.17
24.28      -6.15      52.77      -6.36
24.33      -6.28      52.73      -6.35
24.39      -6.05      52.70      -6.29
24.45      -5.71      52.80      -6.37
24.50      -6.36      52.79      -6.08
24.56      -6.28      52.63      -6.42
24.62      -5.72      52.65      -6.38
24.67      -5.74      52.64      -6.01
24.73      -5.51      52.79      -6.41
24.79      -6.79      52.72      -6.21
24.84      -5.78      52.73      -6.25
24.90      -5.53      52.83      -6.51
24.96      -5.87      52.84      -6.53
25.01      -6.54      52.91      -6.35
25.07      -5.79      52.75      -6.50
25.12      -6.95      52.79      -6.05
25.18      -6.66      52.93      -6.27
25.24      -6.28      52.81      -6.18
25.29      -5.34      52.83      -6.10
25.35      -5.68      52.93      -6.24
25.41      -5.63      52.87      -6.42
25.46      -6.04      52.98      -5.86
25.52      -5.62      52.94      -6.05
25.58      -6.21      52.70      -6.28
25.63      -5.45      53.02      -6.33
25.69      -5.92      53.02      -6.28
25.75      -5.85      52.83      -6.20
25.80      -6.49      52.86      -6.25
25.86      -5.87      53.07      -6.24
25.92      -5.42      52.90      -6.21
25.97      -6.47      53.03      -6.38
26.03      -5.79      52.62      -6.20
26.08      -5.67      53.32      -6.14
26.14      -5.87      52.98      -6.40
26.20      -6.54      53.09      -6.15
26.25      -6.43      52.94      -6.22
26.31      -6.24      52.92      -6.21
26.37      -5.62      53.21      -6.32
26.42      -6.56      52.77      -6.34
26.48      -6.26      53.16      -6.44
26.53      -6.24      52.96      -6.04
26.59      -6.28      53.16      -6.61
26.65      -6.96      53.06      -6.22
26.70      -6.84      53.05      -6.20
26.76      -5.75      52.99      -6.22
26.82      -5.90      53.21      -6.12
26.87      -5.30      53.07      -6.41
26.93      -6.11      52.84      -6.32
26.99      -6.11      53.59      -6.10
27.04      -5.87      53.27      -6.14
27.10      -6.17      53.28      -6.11
27.16      -6.66      52.97      -6.36
27.21      -6.06      53.20      -6.40
27.27      -6.21      52.74      -6.15
27.33      -6.07      52.98      -6.28
27.38      -6.11      53.05      -6.07
27.44      -5.74      53.40      -6.13
27.50      -5.40      52.94      -6.37
27.55      -5.87      53.01      -6.29
27.61      -5.75      53.05      -6.14
27.66      -5.79      53.38      -6.09
27.72      -5.85      53.03      -6.32
27.78      -5.94      52.92      -6.47
27.83      -6.49      53.43      -6.43
27.89      -5.77      53.16      -6.21
27.95      -5.96      53.46      -6.15
28.00      -6.17      53.45      -6.02
28.06      -5.92      53.25      -6.10
28.11      -5.87      53.12      -6.16
28.17      -5.30      53.33      -6.17
28.23      -6.07      53.22      -6.29
28.28      -6.00      53.30      -6.44
28.34      -6.66      53.56      -6.32
28.40      -6.07      53.01      -5.91
28.45      -5.38      53.33      -6.12
28.51      -6.51      53.03      -6.52
28.56      -5.90      53.14      -6.16
28.62      -5.53      53.31      -6.17
28.68      -5.83      53.11      -5.97
28.73      -6.41      53.21      -6.16
28.79      -5.56      53.09      -6.14
28.85      -5.81      53.28      -6.23
28.90      -5.98      53.23      -6.21
28.96      -6.43      53.42      -6.19
29.01      -6.54      53.52      -6.10
29.07      -6.37      53.24      -6.24
29.13      -5.81      53.19      -6.05
29.18      -5.62      53.37      -6.00
29.24      -5.70      53.69      -6.16
29.30      -5.92      53.59      -6.08
29.35      -5.61      53.49      -5.76
29.41      -5.22      53.44      -6.12
29.47      -5.87      53.31      -6.19
29.52      -5.89      53.37      -5.96
29.58      -5.74      53.40      -6.07
29.64      -5.98      53.63      -5.87
29.69      -5.94      53.45      -5.84
29.75      -6.36      53.45      -5.95
29.81      -5.85      53.25      -6.13
29.86      -5.70      53.75      -6.05
29.92      -5.70      53.66      -6.00
29.98      -6.21      53.54      -5.94
30.03      -5.97      53.24      -6.24
30.09      -5.66      53.47      -6.28
30.14      -6.98      53.49      -6.10
30.20      -6.51      53.58      -6.16
30.26      -6.67      53.45      -6.04
30.31      -5.78      53.43      -5.99
30.37      -6.15      53.64      -5.86
30.43      -5.90      53.49      -6.09
30.48      -6.32      53.77      -6.13
30.54      -5.89      53.53      -6.04
30.60      -5.70      53.61      -6.04
30.65      -6.02      53.60      -5.96
30.71      -5.43      53.70      -5.99
30.77      -5.44      53.60      -6.13
30.82      -5.49      53.40      -6.02
30.88      -5.44      53.47      -6.15
30.93      -6.71      53.54      -6.24
30.99      -5.38      53.44      -6.27
31.05      -6.60      53.60      -6.14
31.10      -5.28      53.61      -6.04
31.16      -6.46      53.64      -6.15
31.22      -5.30      53.78      -6.08
31.27      -6.00      53.62      -6.10
31.33      -5.75      53.60      -6.25
31.39      -7.01      53.89      -5.96
31.44      -5.66      53.47      -6.20
31.50      -6.15      53.77      -6.15
31.56      -6.32      53.67      -6.15
31.61      -5.53      53.75      -6.55
31.67      -5.25      53.54      -5.89
31.73      -5.84      53.43      -6.01
31.78      -6.51      53.88      -6.19
31.84      -5.83      53.78      -6.13
31.90      -6.24      53.88      -6.24
31.95      -5.90      53.69      -6.03
32.01      -6.04      53.57      -6.14
32.06      -6.00      53.39      -5.87
32.12      -5.19      53.58      -6.10
32.18      -6.52      53.96      -6.52
32.23      -5.64      53.79      -6.03
32.29      -6.00      53.64      -6.23
32.35      -6.07      53.68      -6.19
32.41      -5.08      53.92      -5.92
32.46      -5.38      53.91      -6.12
32.52      -6.26      53.80      -5.97
32.58      -5.64      53.84      -6.05
32.63      -5.92      53.52      -6.15
32.69      -6.51      53.65      -6.24
32.75      -5.87      53.92      -5.95
32.80      -6.64      54.01      -5.89
32.86      -6.13      54.07      -6.15
32.92      -6.67      53.72      -6.03
32.97      -5.34      53.75      -5.92
33.03      -5.53      53.95      -6.16
33.09      -6.19      53.75      -6.17
33.14      -5.94      53.79      -5.99
33.20      -5.06      53.81      -5.91
33.26      -5.81      53.66      -6.29
33.31      -6.64      53.70      -6.10
33.37      -5.57      53.58      -6.03
33.43      -5.81      53.96      -6.07
33.48      -5.51      53.96      -6.02
33.54      -5.90      53.80      -6.21
33.59      -6.85      53.77      -6.20
33.65      -5.30      53.79      -6.13
33.71      -5.81      53.97      -5.94
33.76      -5.36      54.07      -5.87
33.82      -6.15      54.20      -6.20
33.88      -5.49      54.18      -6.08
33.93      -6.66      53.64      -5.91
33.99      -5.75      53.93      -6.07
34.05      -6.49      54.13      -5.93
34.10      -5.98      53.87      -6.17
34.16      -6.43      53.79      -5.97
34.22      -5.66      54.05      -6.09
34.27      -5.10      54.07      -6.01
34.33      -5.45      53.89      -6.00
34.39      -6.77      53.98      -6.04
34.44      -5.49      54.12      -6.10
34.50      -5.04      54.30      -5.97
34.56      -5.38      54.24      -6.15
34.61      -5.83      54.27      -6.32
34.67      -5.58      54.20      -6.17
34.72      -6.17      53.82      -6.07
34.78      -6.07      53.85      -6.09
34.84      -4.85      54.16      -6.11
34.89      -6.24      54.21      -5.74
34.95      -5.55      54.38      -5.82
35.01      -5.40      54.20      -5.94
35.06      -5.60      54.12      -5.85
35.12      -6.32      54.12      -6.32
35.18      -6.07      54.06      -5.71
35.23      -5.96      54.26      -5.73
35.29      -5.11      54.34      -5.93
35.35      -6.43      54.13      -5.79
35.40      -5.58      54.16      -6.19
35.46      -6.24      54.45      -5.93
35.52      -5.53      54.03      -5.89
35.57      -5.43      53.96      -6.01
35.63      -5.38      54.16      -5.97
35.69      -5.60      54.53      -5.76
35.74      -5.47      54.22      -5.88
35.80      -6.05      54.34      -6.10
35.86      -5.96      54.19      -5.84
35.91      -6.17      54.25      -5.90
35.97      -6.30      54.16      -6.22
36.03      -6.13      54.31      -5.87
36.08      -6.56      54.20      -6.15
36.14      -5.73      54.12      -5.88
36.20      -5.87      54.17      -5.93
36.25      -5.70      54.02      -5.81
36.31      -5.70      54.14      -5.73
36.37      -6.00      54.54      -6.18
36.42      -6.22      54.20      -5.74
36.48      -5.27      54.19      -6.13
36.53      -5.92      54.44      -5.94
36.59      -6.56      54.22      -5.78
36.65      -6.49      54.01      -5.71
36.70      -5.89      54.27      -5.74
36.76      -5.34      54.56      -5.68
36.82      -4.87      54.53      -5.85
36.88      -6.00      54.54      -6.08
36.93      -5.34      54.32      -5.63
36.99      -5.53      54.18      -5.95
37.04      -6.37      54.43      -5.99
37.10      -5.72      54.28      -6.08
37.16      -5.16      54.38      -5.95
37.22      -6.30      54.23      -5.79
37.27      -5.10      54.16      -5.69
37.33      -6.40      54.07      -5.71
37.39      -5.45      54.56      -5.79
37.44      -4.89      54.40      -5.91
37.50      -5.83      54.36      -5.84
37.55      -6.58      54.57      -5.83
37.61      -4.98      54.87      -6.10
37.67      -5.25      54.44      -5.87
37.72      -5.42      54.41      -6.10
37.78      -5.74      54.41      -5.90
37.84      -5.64      54.48      -6.05
37.89      -6.15      54.13      -5.91
37.95      -4.93      54.26      -6.09
38.01      -6.02      54.46      -5.92
38.06      -4.93      54.42      -6.12
38.12      -5.28      54.41      -5.86
38.18      -6.45      54.40      -6.17
38.23      -6.30      54.30      -6.19
38.29      -6.67      54.76      -6.14
38.35      -5.75      54.50      -5.79
38.40      -5.94      54.43      -5.87
38.46      -5.74      54.39      -5.89
38.52      -6.45      54.44      -5.73
38.57      -5.62      54.26      -5.95
38.63      -6.24      54.62      -5.82
38.68      -6.39      54.70      -6.13
38.74      -4.98      54.49      -5.97
38.80      -5.55      54.48      -5.93
38.85      -5.89      54.45      -5.95
38.91      -5.75      54.47      -5.79
38.97      -5.40      54.30      -5.90
39.02      -6.56      54.65      -6.02
39.08      -5.34      54.36      -5.80
39.14      -6.09      54.53      -6.01
39.19      -5.91      54.64      -6.00
39.25      -4.81      54.34      -5.96
39.30      -6.34      54.45      -6.21
39.36      -5.34      54.65      -5.66
39.42      -5.60      54.52      -5.77
39.48      -5.57      54.79      -5.83
39.53      -5.90      54.57      -5.90
39.59      -5.70      54.70      -5.81
39.65      -5.57      54.71      -6.00
39.70      -5.34      54.65      -5.88
39.76      -6.19      54.64      -5.83
39.82      -4.95      54.44      -5.80
39.87      -5.77      54.64      -5.59
39.93      -5.74      54.54      -5.72
39.99      -5.70      54.43      -5.60
40.04      -6.34      54.84      -5.59
40.10      -5.36      54.84      -6.01
40.15      -5.68      54.57      -5.69
40.21      -5.40      54.67      -5.83
40.27      -6.36      54.64      -6.24
40.32      -5.58      54.62      -5.92
40.38      -4.72      54.89      -6.06
40.44      -5.54      54.72      -5.89
40.49      -6.15      54.49      -6.09
40.55      -5.77      54.66      -5.72
40.61      -6.09      54.56      -6.34
40.66      -5.30      54.75      -5.74
40.72      -6.40      54.55      -5.67
40.78      -6.04      54.53      -5.83
40.83      -5.87      54.59      -5.87
40.89      -5.06      54.97      -5.83
40.95      -6.37      54.58      -5.76
41.00      -6.68      54.63      -5.88
41.06      -4.98      54.71      -5.73
41.12      -4.68      54.94      -6.00
41.17      -5.43      54.73      -5.85
41.23      -5.72      54.72      -5.84
41.29      -5.66      54.78      -5.79
41.34      -5.85      54.88      -6.08
41.40      -5.30      54.91      -5.79
41.46      -5.57      54.80      -5.85
41.51      -5.53      54.74      -5.86
41.57      -6.28      54.86      -5.92
41.63      -5.74      54.59      -5.62
41.68      -5.58      54.67      -5.81
41.74      -5.49      55.01      -5.85
41.79      -5.67      54.73      -5.75
41.85      -5.08      54.51      -5.82
41.91      -5.56      54.78      -5.69
41.96      -4.96      54.77      -5.89
42.02      -5.22      54.91      -5.77
42.08      -5.15      54.67      -5.55
42.13      -5.75      54.45      -5.70
42.19      -4.74      54.59      -5.47
42.25      -5.38      54.89      -5.72
42.30      -5.85      54.70      -5.89
42.36      -5.79      54.74      -5.65
42.41      -5.58      54.76      -5.82
42.47      -5.70      54.81      -5.78
42.53      -5.66      54.61      -5.50
42.58      -5.66      54.80      -5.84
42.64      -5.11      54.89      -5.75
42.70      -5.32      55.01      -5.81
42.75      -5.13      54.66      -5.73
42.81      -5.11      55.08      -5.74
42.86      -5.83      54.45      -5.76
42.92      -5.51      54.77      -5.78
42.98      -6.17      54.87      -5.82
43.04      -5.98      54.99      -5.60
43.09      -5.70      54.68      -5.77
43.15      -5.11      55.02      -5.76
43.20      -5.27      55.11      -5.84
43.26      -5.64      54.48      -5.57
43.32      -5.16      54.85      -5.72
43.37      -4.96      54.90      -5.89
43.43      -6.30      55.01      -5.83
43.49      -5.81      55.12      -5.68
43.54      -5.10      54.80      -5.79
43.60      -5.21      54.61      -5.92
43.66      -5.81      55.01      -5.91
43.71      -4.76      54.97      -5.91
43.77      -4.96      55.12      -6.01
43.83      -5.87      54.86      -5.85
43.88      -5.19      54.85      -5.82
43.94      -6.05      54.83      -5.69
43.99      -6.11      54.90      -5.94
44.05      -5.81      54.87      -5.87
44.11      -5.49      55.02      -5.87
44.16      -4.72      55.30      -5.69
44.22      -5.79      54.98      -5.80
44.28      -5.66      54.87      -5.81
44.33      -6.09      55.15      -5.84
44.39      -5.81      54.59      -5.76
44.45      -5.68      54.79      -5.74
44.50      -5.30      55.02      -5.81
44.56      -5.13      54.94      -5.96
44.62      -5.74      54.99      -5.72
44.67      -5.79      55.09      -5.84
44.73      -5.90      54.79      -5.73
44.79      -5.83      54.92      -5.86
44.84      -5.47      54.82      -5.75
44.90      -6.13      54.69      -5.63
44.96      -6.52      55.12      -5.73
45.01      -5.83      55.15      -5.65
45.07      -5.02      55.04      -5.70
45.12      -4.91      54.85      -5.96
45.18      -5.55      55.00      -5.55
45.24      -6.13      54.84      -5.78
45.29      -4.65      54.99      -6.03
45.35      -5.94      54.95      -5.86
45.41      -6.34      55.17      -5.87
45.46      -5.45      54.88      -5.75
45.52      -6.36      55.19      -5.72
45.58      -5.45      54.96      -5.86
45.63      -5.06      54.81      -5.67
45.69      -5.27      55.31      -5.83
45.74      -5.89      55.17      -5.67
45.80      -5.19      55.11      -5.96
45.86      -6.09      55.02      -5.87
45.91      -6.15      55.02      -5.97
45.97      -5.23      55.22      -5.86
46.03      -6.37      55.03      -5.74
46.08      -4.46      55.20      -6.02
46.14      -6.17      54.87      -6.08
46.19      -5.36      55.05      -5.74
46.25      -5.79      54.78      -5.80
46.31      -4.95      55.16      -5.82
46.36      -6.09      55.03      -5.67
46.42      -5.58      55.01      -5.98
46.48      -5.12      55.04      -5.95
46.53      -5.53      55.11      -6.01
46.59      -5.32      54.71      -5.89
46.64      -5.22      55.00      -5.77
46.70      -6.32      54.98      -5.99
46.76      -6.43      55.18      -5.85
46.81      -4.96      54.92      -5.45
46.87      -5.75      55.35      -5.70
46.93      -5.79      54.95      -6.07
46.98      -5.10      55.05      -5.51
47.04      -4.91      54.99      -6.00
47.10      -5.90      54.96      -5.72
47.16      -6.47      55.20      -5.87
47.21      -5.42      55.22      -6.03
47.27      -6.01      55.33      -5.48
47.33      -5.85      55.28      -5.77
47.38      -5.47      55.25      -5.81
47.44      -6.19      55.17      -5.89
47.50      -5.78      55.09      -6.37
