 0.00     -2.40     25.56     -2.25
 0.06     -2.61     25.93     -2.30
 0.11     -2.37     26.46     -2.24
 0.17     -2.26     26.28     -1.96
 0.23     -1.02     27.31     -1.96
 0.28     -1.96     27.33     -2.11
 0.34     -1.69     27.51     -1.92
 0.40     -1.53     27.82     -1.75
 0.45     -2.69     28.20     -1.91
 0.51     -1.86     28.25     -1.80
 0.57     -2.01     28.48     -1.87
 0.62     -1.22     28.78     -1.89
 0.68     -1.67     29.04     -1.88
 0.74     -1.68     29.31     -1.76
 0.79     -1.02     29.17     -1.82
 0.85     -1.15     29.44     -1.96
 0.90     -1.84     29.76     -1.83
 0.96     -1.47     29.72     -1.55
 1.02     -2.09     29.79     -1.71
 1.08     -1.61     30.06     -1.68
 1.13     -2.30     30.18     -1.74
 1.19     -1.15     30.30     -1.76
 1.24     -2.24     30.40     -1.84
 1.30     -1.24     30.46     -1.85
 1.36     -2.45     31.01     -1.95
 1.41     -1.06     30.95     -1.70
 1.47     -1.00     31.06     -1.88
 1.53     -2.09     30.81     -1.90
 1.58     -1.55     30.94     -1.82
 1.64     -1.56     31.05     -1.87
 1.70     -1.90     31.14     -1.72
 1.75     -2.10     31.33     -1.72
 1.81     -2.13     31.30     -1.87
 1.86     -1.47     31.42     -1.61
 1.92     -2.00     31.67     -1.57
 1.98     -1.96     31.91     -1.74
 2.03     -2.00     31.64     -1.46
 2.09     -2.62     31.62     -1.72
 2.15     -1.49     31.92     -1.60
 2.21     -0.79     31.81     -1.74
 2.26     -1.75     32.07     -1.76
 2.32     -1.06     31.93     -1.76
 2.38     -2.67     32.22     -2.01
 2.43     -1.24     32.35     -1.83
 2.49     -1.71     32.45     -1.66
 2.54     -2.31     32.32     -1.70
 2.60     -1.02     32.36     -1.79
 2.66     -1.06     32.50     -1.80
 2.71     -2.07     32.49     -1.78
 2.77     -1.47     32.29     -1.72
 2.83     -1.39     32.72     -1.72
 2.88     -1.53     32.69     -1.72
 2.94     -1.21     32.92     -1.89
 3.00     -0.96     32.74     -1.83
 3.05     -2.35     32.90     -1.61
 3.11     -2.11     32.74     -1.74
 3.17     -2.06     32.77     -1.93
 3.22     -2.29     33.06     -1.76
 3.28     -0.85     32.94     -1.83
 3.34     -0.89     33.10     -1.78
 3.39     -1.43     33.32     -1.94
 3.45     -2.18     33.37     -1.72
 3.50     -2.61     33.15     -1.58
 3.56     -1.50     33.16     -1.63
 3.62     -1.21     33.36     -1.70
 3.67     -2.05     33.34     -1.95
 3.73     -2.03     33.81     -1.64
 3.79     -2.30     33.40     -1.69
 3.84     -1.19     33.67     -1.80
 3.90     -1.62     33.73     -1.66
 3.96     -1.34     33.70     -1.73
 4.01     -1.54     33.44     -1.58
 4.07     -1.23     33.87     -1.63
 4.13     -1.96     33.82     -1.66
 4.18     -0.68     33.84     -1.66
 4.24     -2.63     33.83     -1.71
 4.30     -0.98     33.69     -1.80
 4.35     -2.31     33.85     -1.86
 4.41     -0.83     33.96     -1.64
 4.47     -1.98     33.89     -1.77
 4.52     -1.90     33.87     -1.66
 4.58     -1.36     34.12     -1.81
 4.63     -0.85     34.08     -1.46
 4.69     -2.47     34.37     -1.63
 4.75     -1.86     33.97     -1.74
 4.80     -2.31     34.10     -1.70
 4.86     -1.83     34.20     -1.50
 4.92     -1.17     34.10     -1.71
 4.97     -1.83     34.24     -1.64
 5.03     -1.69     34.48     -1.79
 5.09     -1.50     34.45     -1.89
 5.14     -1.00     34.48     -1.52
 5.20     -1.69     34.38     -1.57
 5.26     -1.64     34.02     -1.54
 5.31     -1.77     34.46     -1.62
 5.37     -1.05     34.62     -1.49
 5.43     -1.30     34.51     -1.55
 5.48     -1.45     34.45     -1.53
 5.54     -1.09     34.71     -1.64
 5.60     -1.54     34.61     -1.78
 5.65     -1.75     34.57     -1.52
 5.71     -0.62     34.73     -1.70
 5.77     -2.77     34.50     -1.63
 5.82     -0.81     34.76     -1.56
 5.88     -1.06     34.62     -1.49
 5.94     -1.79     34.56     -1.69
 5.99     -2.39     34.90     -1.49
 6.05     -1.19     34.96     -1.56
 6.11     -1.58     34.61     -1.63
 6.16     -1.15     34.81     -1.73
 6.22     -1.69     34.74     -1.69
 6.28     -1.51     35.13     -1.61
 6.33     -1.41     34.80     -1.62
 6.39     -1.75     35.10     -1.61
 6.45     -1.53     34.84     -1.54
 6.50     -1.58     35.21     -1.69
 6.56     -2.28     35.09     -1.45
 6.61     -1.84     35.22     -1.53
 6.67     -1.69     35.33     -1.72
 6.73     -1.51     35.15     -1.46
 6.78     -1.36     34.98     -1.77
 6.84     -1.13     35.33     -1.63
 6.90     -0.64     35.44     -1.50
 6.95     -1.09     35.31     -1.53
 7.01     -2.00     35.13     -1.46
 7.07     -1.86     35.07     -1.42
 7.12     -1.11     35.29     -1.61
 7.18     -1.84     35.36     -1.54
 7.24     -1.41     35.46     -1.55
 7.29     -1.41     35.34     -1.36
 7.35     -1.96     35.23     -1.49
 7.41     -2.33     35.27     -1.50
 7.46     -1.11     35.68     -1.52
 7.52     -1.34     35.57     -1.64
 7.58     -1.26     35.39     -1.55
 7.63     -2.11     35.61     -1.67
 7.69     -1.02     35.52     -1.41
 7.74     -2.01     35.44     -1.44
 7.80     -1.02     35.55     -1.63
 7.86     -1.64     35.57     -1.47
 7.91     -1.92     35.62     -1.53
 7.97     -1.02     35.59     -1.58
 8.03     -2.05     35.44     -1.61
 8.08     -1.27     35.67     -1.53
 8.14     -1.17     35.43     -1.35
 8.20     -1.53     35.52     -1.53
 8.25     -1.30     35.77     -1.42
 8.31     -1.73     35.87     -1.40
 8.37     -1.22     35.72     -1.43
 8.42     -1.62     35.62     -1.56
 8.48     -1.98     35.58     -1.51
 8.54     -1.84     35.76     -1.39
 8.59     -2.37     35.76     -1.47
 8.65     -1.32     35.77     -1.48
 8.70     -1.75     35.83     -1.49
 8.76     -0.44     35.92     -1.58
 8.82     -1.71     35.83     -1.49
 8.87     -0.32     36.08     -1.47
 8.93     -1.07     35.76     -1.50
 8.99     -1.95     35.57     -1.50
 9.04     -1.30     35.74     -1.61
 9.10     -1.17     36.05     -0.84
 9.16     -0.83     35.95     -1.00
 9.21      0.07     36.27     -0.85
 9.27     -0.98     36.23     -0.77
 9.33     -0.29     36.20     -1.05
 9.38     -0.42     36.36     -1.11
 9.44     -0.74     36.12     -1.28
 9.50     -0.06     36.04     -0.84
 9.55     -0.75     36.16     -0.99
 9.61     -1.15     36.54     -1.12
 9.66     -1.90     36.22     -0.85
 9.72     -0.10     36.17     -0.95
 9.78     -1.04     36.03     -1.04
 9.84     -0.65     36.11     -0.80
 9.89     -0.92     36.19     -1.02
 9.95     -0.43     36.06     -0.81
10.00     -0.83     36.16     -0.92
10.06     -0.55     36.23     -0.82
10.12     -1.04     36.05     -0.88
10.17     -0.96     36.21     -1.08
10.23     -0.40     36.16     -0.90
10.29     -0.49     36.18     -0.91
10.34     -0.04     36.27     -0.80
10.40     -0.19     36.21     -1.12
10.46     -0.23     36.22     -1.09
10.51     -1.53     36.66     -0.74
10.57     -0.72     36.48     -0.85
10.63     -1.45     36.34     -0.92
10.68     -0.79     36.04     -0.94
10.74     -0.23     36.32     -0.99
10.80     -0.77     36.65     -1.00
10.85     -0.83     36.39     -0.87
10.91     -1.06     36.35     -0.98
10.97     -1.30     36.54     -0.87
11.02      0.02     36.67     -1.06
11.08     -0.83     36.68     -0.76
11.14     -0.08     36.53     -1.08
11.19     -1.75     36.68     -0.83
11.25     -1.26     36.32     -0.94
11.30     -0.83     36.45     -0.74
11.36      0.11     36.45     -0.81
11.42     -0.59     36.59     -0.79
11.47     -0.60     36.73     -0.83
11.53      0.17     36.73     -0.84
11.59     -0.49     36.60     -0.83
11.64     -0.20     36.53     -0.97
11.70     -0.96     36.81     -0.91
11.76     -0.40     36.51     -0.91
11.81     -1.47     36.51     -0.92
11.87     -1.06     36.86     -0.85
11.93     -0.85     36.57     -0.74
11.98      0.05     36.61     -0.86
12.04     -0.30     36.42     -1.04
12.10     -0.00     36.73     -0.82
12.15     -0.77     36.65     -0.77
12.21     -0.77     36.73     -0.89
12.27      0.11     36.85     -0.91
12.32      0.32     36.75     -0.92
12.38     -0.96     36.87     -0.95
12.44     -1.06     36.87     -0.65
12.49     -0.98     36.81     -0.47
12.55     -0.45     36.88     -1.00
12.61     -0.77     37.02     -0.90
12.66     -1.17     36.99     -0.83
12.72     -0.44     36.80     -0.79
12.78     -0.65     36.90     -0.93
12.83     -1.02     36.93     -0.65
12.89     -0.68     37.10     -0.72
12.95     -1.11     36.77     -0.75
13.00     -0.60     37.18     -0.86
13.06     -0.40     36.77     -0.95
13.12     -0.89     36.94     -0.74
13.17     -1.53     36.81     -1.01
13.23      0.15     37.04     -0.81
13.29     -0.19     37.08     -0.72
13.34     -1.22     36.98     -0.70
13.40     -0.89     37.08     -0.86
13.46     -0.38     37.31     -0.95
13.51     -1.45     36.74     -0.77
13.57     -0.25     36.91     -0.90
13.63     -0.70     36.93     -0.74
13.68     -1.04     37.09     -0.77
13.74     -1.02     37.03     -0.88
13.80     -1.38     37.05     -0.57
13.85     -1.69     37.13     -0.86
13.91     -1.00     37.16     -0.75
13.97     -0.79     37.05     -0.74
14.03     -0.10     37.25     -0.74
14.08     -0.60     37.09     -0.88
14.14     -0.32     36.80     -0.83
14.20     -0.79     37.27     -0.96
14.25     -1.47     37.41     -0.79
14.31     -0.91     37.33     -0.83
14.37     -1.27     37.29     -0.90
14.42     -0.55     37.34     -0.81
14.48     -0.60     37.12     -0.90
14.54      0.14     37.24     -0.70
14.59     -1.21     37.19     -0.85
14.65     -0.17     37.06     -0.91
14.71     -1.30     37.22     -0.82
14.76     -0.75     37.48     -0.82
14.82     -0.47     37.42     -0.58
14.87     -0.94     37.19     -0.96
14.93     -0.85     37.37     -0.80
14.99     -0.48     37.28     -0.66
15.04     -0.57     37.28     -0.84
15.10     -1.50     37.56     -0.85
15.16      0.36     37.26     -0.73
15.21     -1.32     37.50     -0.87
15.27     -0.45     37.05     -0.67
15.33     -0.26     37.36     -1.01
15.38     -1.30     37.38     -0.86
15.44     -1.36     37.18     -0.82
15.50     -0.89     37.47     -0.81
15.55     -0.17     37.11     -0.79
15.61     -1.22     37.11     -0.94
15.67     -0.68     37.60     -0.80
15.72      0.26     37.35     -0.72
15.78     -1.62     37.34     -0.76
15.84     -0.19     37.37     -0.58
15.89     -1.47     37.64     -0.75
15.95     -0.21     37.46     -0.77
16.01     -0.49     37.41     -0.88
16.06     -0.42     37.51     -0.81
16.12     -0.29     37.68     -0.81
16.18      0.07     37.40     -0.75
16.23      0.02     37.51     -0.86
16.29     -0.76     37.75     -0.68
16.35     -0.19     37.44     -0.90
16.40     -0.66     37.56     -0.84
16.46     -0.55     37.58     -0.87
16.52     -0.12     37.48     -0.81
16.57      0.18     37.57     -0.66
16.63     -1.49     37.69     -0.76
16.68     -0.23     37.23     -0.86
16.74     -0.02     37.80     -0.66
16.80     -0.98     37.52     -0.75
16.85     -0.66     37.37     -0.47
16.91     -1.53     37.62     -0.61
16.97     -0.77     37.80     -0.85
17.02     -1.27     37.58     -0.69
17.08     -0.06     37.43     -0.85
17.13     -0.60     37.68     -0.85
17.19      0.11     37.74     -0.76
17.25     -0.06     37.54     -0.63
17.30     -0.59     37.62     -0.75
17.36     -0.64     37.86     -0.74
17.42     -0.74     37.71     -0.82
17.47     -0.49     37.51     -1.05
17.53     -0.93     37.51     -0.82
17.59     -1.00     37.81     -0.64
17.64     -0.29     37.73     -0.73
17.70     -0.85     37.91     -0.91
17.76     -0.15     37.41     -0.83
17.81     -0.38     37.71     -0.80
17.87     -0.81     37.59     -0.73
17.92     -0.51     37.36     -0.78
17.98     -0.06     37.75     -0.85
18.04     -0.38     37.70     -0.70
18.09     -0.91     37.83     -0.63
18.15      0.52     37.69     -0.68
18.21     -0.40     37.83     -0.83
18.26     -0.38     37.77     -0.75
18.32     -0.36     37.79     -0.89
18.38     -1.31     37.78     -0.84
18.43     -1.09     37.89     -0.56
18.49     -0.91     37.87     -0.62
18.54     -0.23     37.78     -0.91
18.60     -1.19     37.75     -0.67
18.66     -0.99     37.94     -0.86
18.71     -0.51     37.69     -0.76
18.77     -0.42     38.13     -0.66
18.83     -0.81     37.86     -0.83
18.88     -0.74     37.96     -0.74
18.94      0.49     37.75     -0.88
19.00     -0.68     38.06     -0.47
19.05     -0.29     37.73     -0.73
19.11     -0.23     37.74     -0.85
19.17     -0.83     38.00     -0.58
19.22     -1.53     38.08     -0.60
19.28     -0.21     38.15     -0.65
19.34     -0.59     38.06     -0.82
19.39     -0.25     38.09     -0.67
19.45     -0.89     38.03     -0.79
19.51     -1.22     38.08     -0.74
19.56     -0.62     38.33     -0.85
19.62     -0.96     37.88     -0.72
19.68     -0.44     37.95     -0.76
19.73     -0.79     37.92     -0.87
19.79     -0.96     37.99     -0.50
19.85     -0.48     38.22     -0.54
19.90     -0.34     38.11     -0.42
19.96     -0.91     37.96     -0.60
20.01     -0.83     37.85     -0.66
20.07      0.58     37.92     -0.79
20.13     -0.89     38.40     -0.39
20.18      0.50     38.24     -0.55
20.24     -0.66     38.10     -0.67
20.30      0.03     37.81     -0.77
20.35     -0.42     38.10     -0.70
20.41     -0.42     38.00     -0.83
20.47     -0.17     38.06     -0.45
20.52     -0.96     38.06     -0.64
20.58     -0.23     38.07     -0.77
20.64     -0.42     38.14     -0.81
20.69     -1.11     38.33     -0.66
20.75      0.35     38.27     -0.43
20.81     -1.06     38.17     -0.74
20.86     -0.51     38.01     -0.49
20.92      0.07     38.13     -0.59
20.97     -0.53     38.31     -0.55
21.03     -0.87     38.05     -0.69
21.09     -0.60     38.37     -0.63
21.14     -0.45     38.10     -0.52
21.20     -0.04     38.14     -0.58
21.26     -0.21     38.43     -0.62
21.31      0.60     38.06     -0.74
21.37     -1.66     38.17     -0.71
21.43      0.07     38.47     -0.80
21.48     -1.04     38.28     -0.55
21.54     -1.54     38.38     -0.50
21.59     -1.22     38.21     -0.67
21.65     -0.96     38.24     -0.55
21.71     -0.38     38.01     -0.84
21.76     -0.13     38.34     -0.60
21.82     -0.40     38.26     -0.61
21.88      0.47     38.32     -0.76
21.93      0.56     38.31     -0.53
21.99     -1.49     38.42     -0.49
22.05     -0.15     38.24     -0.81
22.10     -1.13     38.36     -0.53
22.16     -0.55     38.19     -0.33
22.22     -0.29     38.41     -0.69
22.27     -1.30     38.32     -0.39
22.33     -1.50     38.65     -0.74
22.39     -0.57     38.30     -0.74
22.44     -0.59     38.40     -0.40
22.50     -1.43     38.62     -0.47
22.56     -0.37     38.35     -0.75
22.61      0.05     38.48     -0.89
22.67     -0.15     38.31     -0.69
22.73     -1.21     38.46     -0.50
22.78     -0.42     38.31     -0.57
22.84     -0.38     38.29     -0.76
22.90     -0.00     38.35     -0.70
22.95     -0.49     38.16     -0.77
23.01     -0.31     38.56     -0.46
23.06     -0.60     38.57     -0.57
23.12     -0.51     38.48     -0.63
23.18     -0.12     38.31     -0.59
23.23     -0.59     38.71     -0.46
23.29     -0.53     38.18     -0.69
23.35     -0.57     38.16     -0.59
23.40      0.45     38.50     -0.54
23.46      0.13     38.40     -0.73
23.52     -0.08     38.42     -0.53
23.57      0.49     38.52     -0.59
23.63     -0.30     38.50     -0.83
23.68     -1.00     38.41     -0.51
23.74     -0.85     38.24     -0.48
23.80     -0.34     38.40     -0.69
23.85     -0.81     38.60     -0.82
23.91     -1.17     38.44     -0.75
23.97     -0.29     38.28     -0.66
24.02     -0.77     38.53     -0.69
24.08     -0.30     38.71     -0.66
24.14     -0.42     38.39     -0.73
24.19     -0.10     38.35     -0.68
24.25     -0.66     38.75     -0.67
24.31     -0.14     38.68     -0.64
24.36     -1.24     38.55     -0.58
24.42     -1.07     38.53     -0.63
24.47     -0.12     38.54     -0.74
24.53     -0.10     38.32     -0.68
24.59      0.41     38.70     -0.54
24.64     -0.72     38.54     -0.73
24.70     -1.07     38.61     -0.49
24.76     -0.82     38.59     -0.54
24.81     -0.91     38.43     -0.45
24.87     -0.36     38.47     -0.61
24.93     -0.32     38.48     -0.58
24.98     -1.47     38.48     -0.77
25.04     -0.53     38.74     -0.56
25.09     -0.59     38.53     -0.44
25.15     -0.17     38.53     -0.71
25.21     -0.40     38.50     -0.66
25.26     -0.64     38.67     -0.66
25.32     -0.40     38.75     -0.68
25.38      0.41     38.70     -0.59
25.43     -1.06     38.48     -0.69
25.49     -0.25     38.85     -0.66
25.55     -0.64     38.86     -0.47
25.60     -0.96     38.46     -0.64
25.66     -1.17     38.51     -0.88
25.72     -1.34     38.71     -0.85
25.77     -0.92     38.58     -0.56
25.83     -1.02     38.54     -0.58
25.89     -0.12     38.76     -0.58
25.94     -1.04     38.83     -0.82
26.00     -0.79     38.76     -0.58
26.05     -0.77     38.70     -0.55
26.11     -0.36     38.69     -0.74
26.17     -0.08     38.48     -0.68
26.22      0.65     38.81     -0.40
26.28     -0.45     38.97     -0.66
26.34     -0.74     38.64     -0.66
26.39     -0.72     38.77     -0.58
26.45     -0.58     38.69     -0.76
26.51     -0.57     38.71     -0.60
26.56     -0.30     38.88     -0.71
26.62      0.20     38.69     -0.62
26.67      0.28     38.83     -0.68
26.73     -0.12     38.68     -0.53
26.79     -0.91     38.62     -0.65
26.84     -0.51     39.06     -0.72
26.90     -0.27     38.76     -0.43
26.96     -0.83     38.82     -0.64
27.01     -0.15     38.86     -0.80
27.07     -0.49     38.76     -0.60
27.12     -1.19     38.69     -0.75
27.18     -0.34     38.84     -0.54
27.24     -1.24     38.67     -0.48
27.29     -0.38     38.79     -0.47
27.35     -1.15     38.74     -0.47
27.41     -0.87     39.17     -0.43
27.46     -0.72     38.80     -0.69
27.52     -0.32     38.88     -0.47
27.57     -1.07     38.89     -0.53
27.63     -0.15     38.89     -0.82
27.69      0.39     38.96     -0.61
27.74     -0.49     38.91     -0.75
27.80     -0.59     38.96     -0.78
27.86     -0.98     38.72     -0.83
27.91      0.22     38.78     -0.52
27.97     -0.15     39.06     -0.57
28.03      0.15     38.76     -0.60
28.08     -0.55     38.76     -0.53
28.14     -0.17     38.75     -0.47
28.20      0.39     38.87     -0.55
28.25     -0.19     38.65     -0.72
28.31     -0.70     38.81     -0.77
28.37     -0.23     38.89     -0.63
28.42     -0.68     38.87     -0.48
28.48     -0.57     38.94     -0.71
28.53      0.15     39.01     -0.54
28.59      0.28     38.76     -0.51
28.65     -0.00     38.91     -0.58
28.70     -0.44     38.74     -0.74
28.76     -0.47     39.24     -0.50
28.82     -0.71     39.04     -0.46
28.87      0.45     39.10     -0.55
28.93      0.24     38.84     -0.63
28.98     -0.77     38.87     -0.58
29.04     -0.79     38.78     -0.68
29.10     -1.09     39.07     -0.66
29.15     -0.74     38.81     -0.74
29.21     -0.40     38.85     -0.66
29.27      0.02     38.72     -0.50
29.32     -0.40     39.25     -0.62
29.38      0.37     38.99     -0.56
29.44     -1.13     38.74     -0.82
29.49     -0.51     38.97     -0.58
29.55     -0.89     38.83     -0.65
29.61     -0.51     38.86     -0.55
29.66      0.30     38.60     -0.59
29.72     -0.42     39.05     -0.57
29.77      0.49     39.17     -0.63
29.83     -0.00     39.04     -0.47
29.89     -0.02     39.17     -0.79
29.94     -0.32     39.13     -0.53
30.00     -0.25     39.34     -0.71
30.06     -0.51     39.33     -0.52
30.11     -0.72     38.93     -0.59
30.17      0.39     39.03     -0.59
30.23     -0.94     39.18     -0.63
30.28     -0.61     38.96     -0.56
30.34     -1.07     38.99     -0.38
30.40      0.05     39.11     -0.40
30.45     -0.57     39.07     -0.55
30.51      0.03     39.14     -0.70
30.57     -0.55     39.54     -0.33
30.62     -0.52     39.51     -0.45
30.68     -0.59     39.11     -0.57
30.73     -0.26     39.21     -0.65
30.79     -0.92     39.30     -0.64
30.85     -0.34     39.38     -0.47
30.90      0.65     39.27     -0.48
30.96     -0.62     39.07     -0.48
31.02     -0.44     38.94     -0.57
31.07     -0.00     39.06     -0.70
31.13     -0.57     39.19     -0.61
31.19     -0.36     39.05     -0.61
31.24     -0.94     39.29     -0.64
31.30     -1.36     39.37     -0.62
31.35     -1.38     39.02     -0.66
31.41     -0.77     39.02     -0.53
31.47     -0.29     39.36     -0.57
31.52      0.28     39.39     -0.54
31.58      0.20     39.03     -0.47
31.64     -0.05     39.35     -0.65
31.69     -0.74     38.95     -0.61
31.75      0.03     39.26     -0.64
31.81     -0.68     39.22     -0.53
31.86     -0.17     39.18     -0.54
31.92     -0.75     39.05     -0.60
31.98     -0.27     39.24     -0.58
32.03     -0.23     39.04     -0.52
32.09     -0.09     39.05     -0.60
32.14     -0.08     39.17     -0.52
32.20      0.18     39.17     -0.65
32.26     -0.38     39.11     -0.59
32.31     -0.83     39.02     -0.49
32.37     -0.48     38.80     -0.45
32.43     -1.47     39.35     -0.50
32.48     -0.79     39.30     -0.40
32.54     -0.81     39.23     -0.42
32.60     -0.40     39.42     -0.60
32.65      0.22     39.37     -0.47
32.71     -1.07     39.42     -0.22
32.77     -1.44     39.24     -0.34
32.82     -1.26     39.27     -0.42
32.88     -0.21     39.31     -0.56
32.93     -0.21     39.26     -0.57
32.99     -0.55     39.31     -0.70
33.05      0.30     39.24     -0.61
33.10      0.17     38.97     -0.49
33.16     -0.94     39.17     -0.62
33.21     -0.83     39.18     -0.60
33.27     -0.57     39.26     -0.52
33.33     -0.25     39.16     -0.55
33.38     -0.44     39.23     -0.56
33.44     -0.29     39.21     -0.57
33.50     -0.94     39.19     -0.58
33.55      0.15     39.14     -0.46
33.61     -0.34     39.49     -0.57
33.67     -1.21     39.59     -0.40
33.72     -0.74     39.13     -0.28
33.78      0.28     39.33     -0.44
33.84     -0.68     39.57     -0.61
33.89     -0.62     39.43     -0.49
33.95     -0.17     39.35     -0.48
34.01     -0.66     39.49     -0.83
34.06     -1.02     39.92     -0.63
34.12     -0.60     39.40     -0.61
34.18     -0.68     39.30     -0.68
34.23     -0.32     39.38     -0.57
34.29      0.07     39.45     -0.66
34.35     -0.92     39.41     -0.59
34.40     -0.57     39.36     -0.39
34.46     -0.42     39.32     -0.67
34.51     -0.75     39.39     -0.42
34.57     -0.15     39.03     -0.71
34.63     -0.29     39.46     -0.52
34.68     -0.19     39.46     -0.66
34.74     -0.29     39.27     -0.72
34.80     -0.19     39.61     -0.58
34.85     -1.30     39.57     -0.50
34.91     -0.47     39.52     -0.63
34.97     -0.98     39.54     -0.56
35.02     -0.81     39.77     -0.34
35.08     -0.79     39.64     -0.39
35.14     -0.17     39.33     -0.51
35.19     -1.00     39.52     -0.47
35.25     -0.53     39.41     -0.55
35.31     -0.77     39.53     -0.44
35.36     -0.96     39.35     -0.66
35.42     -0.91     39.64     -0.49
35.47     -0.04     39.54     -0.61
35.53     -0.19     39.54     -0.65
35.59     -0.68     39.31     -0.45
35.64      0.15     39.78     -0.57
35.70     -0.98     39.30     -0.41
35.76     -0.12     39.43     -0.54
35.81      0.77     39.50     -0.44
35.87     -0.34     39.57     -0.54
35.93      0.31     39.43     -0.45
35.98     -0.85     39.68     -0.51
36.04     -0.29     39.46     -0.64
36.10     -0.96     39.77     -0.58
36.15     -0.72     39.69     -0.53
36.21     -1.11     39.64     -0.58
36.27     -0.40     39.95     -0.31
36.32     -1.38     39.66     -0.44
36.38     -1.28     39.71     -0.61
36.44     -1.09     39.53     -0.40
36.49     -0.52     39.41     -0.58
36.55     -0.62     40.02     -0.55
36.60     -0.25     39.68     -0.54
36.66     -0.89     39.40     -0.57
36.72     -0.02     39.75     -0.66
36.77     -0.17     39.91     -0.53
36.83      0.05     39.47     -0.54
36.89     -0.77     39.60     -0.54
36.94     -0.93     39.66     -0.52
37.00      0.24     39.79     -0.52
37.06     -0.68     39.63     -0.58
37.11      0.43     39.68     -0.68
37.17     -0.21     39.92     -0.41
37.23     -0.23     39.51     -0.73
37.28     -0.91     39.84     -0.41
37.34      0.03     39.36     -0.72
37.39      0.34     39.59     -0.41
37.45      0.07     39.72     -0.76
37.51     -0.51     39.56     -0.48
37.56     -0.81     39.77     -0.57
37.62     -0.60     39.59     -0.61
37.68     -0.54     39.55     -0.59
37.73      0.45     39.52     -0.52
37.79     -0.79     39.72     -0.74
37.85     -0.13     39.41     -0.64
37.90      0.36     39.54     -0.59
37.96     -0.19     39.60     -0.53
38.02     -0.40     39.55     -0.58
38.07     -0.64     40.08     -0.35
38.13     -0.30     39.56     -0.53
38.19     -0.27     39.69     -0.47
38.24     -0.64     39.57     -0.71
38.30     -0.60     39.92     -0.60
38.36     -0.41     39.84     -0.45
38.41     -0.85     39.60     -0.55
38.47     -0.53     39.82     -0.53
38.52     -1.56     39.78     -0.68
38.58     -0.34     39.84     -0.72
38.64     -0.04     39.62     -0.73
38.69      0.47     39.53     -0.41
38.75     -0.60     39.84     -0.57
38.81     -0.34     39.64     -0.61
38.86     -0.83     39.62     -0.70
38.92     -0.00     39.80     -0.57
38.98     -0.53     39.84     -0.72
39.03     -1.13     40.07     -0.34
39.09     -0.83     39.65     -0.44
39.15     -0.85     39.59     -0.57
39.20     -0.25     40.02     -0.65
39.26     -0.81     39.91     -0.55
39.32     -0.55     39.68     -0.67
39.37     -0.49     40.03     -0.57
39.43     -0.00     39.62     -0.64
39.48     -0.72     39.57     -0.43
39.54     -0.37     39.77     -0.65
39.60     -0.55     39.76     -0.55
39.65     -0.59     39.84     -0.46
39.71     -0.64     39.83     -0.38
39.77     -1.07     39.90     -0.38
39.82      0.11     39.62     -0.73
39.88     -0.70     40.08     -0.46
39.93     -0.50     39.96     -0.71
39.99     -0.30     39.73     -0.36
40.05     -0.53     39.64     -0.60
40.10      0.39     39.95     -0.53
40.16     -0.21     40.12     -0.72
40.22      0.62     40.12     -0.62
40.27     -0.77     39.72     -0.39
40.33     -0.47     39.57     -0.60
40.39     -0.83     39.78     -0.55
40.44     -0.66     40.14     -0.47
40.50     -0.55     39.78     -0.53
40.55     -0.68     39.89     -0.76
40.61     -0.70     40.00     -0.61
40.67     -0.29     39.88     -0.61
40.72     -0.44     39.86     -0.59
40.78     -0.62     40.03     -0.48
40.84     -0.87     39.68     -0.62
40.89      0.18     39.64     -0.50
40.95     -0.47     39.64     -0.58
41.01     -0.59     39.90     -0.52
41.06     -1.47     40.05     -0.80
41.12      0.69     39.93     -0.54
41.17     -0.66     39.83     -0.77
41.23      0.37     40.20     -0.53
41.29      0.15     39.93     -0.53
41.34     -0.55     40.06     -0.48
41.40      0.59     39.45     -0.58
41.46     -0.00     39.76     -0.36
41.51      0.26     39.70     -0.32
41.57     -1.24     39.77     -0.68
41.63     -0.13     40.02     -0.66
41.68     -0.40     40.35     -0.66
41.74     -0.85     39.76     -0.71
41.79     -0.19     39.68     -0.59
41.85     -0.34     40.19     -0.59
41.91     -0.42     39.97     -0.57
41.96      0.34     39.76     -0.60
42.02     -0.52     39.96     -0.46
42.08     -0.66     39.83     -0.51
42.13     -0.68     39.90     -0.60
42.19      0.37     39.82     -0.60
42.24     -0.77     39.90     -0.66
42.30     -0.34     40.20     -0.44
42.36     -0.48     40.13     -0.61
42.41     -0.42     39.91     -0.45
42.47     -0.81     40.17     -0.56
42.53      0.52     39.83     -0.62
42.58     -0.12     39.98     -0.48
42.64     -1.06     39.78     -0.46
42.70     -0.05     39.93     -0.53
42.75     -0.34     39.92     -0.64
42.81     -0.32     39.74     -0.65
42.87     -0.40     39.71     -0.57
42.92     -0.42     40.08     -0.53
42.98     -0.79     39.84     -0.48
43.04      0.18     40.01     -0.42
43.09     -0.19     39.81     -0.52
43.15     -0.17     40.11     -0.55
43.21     -0.40     40.31     -0.50
43.26     -1.04     39.91     -0.64
43.32     -0.19     39.97     -0.49
43.38     -0.94     39.75     -0.31
43.43     -0.59     39.98     -0.56
43.49     -0.91     39.87     -0.55
43.55      0.22     39.96     -0.51
43.60     -0.10     40.05     -0.47
43.66     -0.65     39.97     -0.50
43.72     -0.92     40.20     -0.62
43.77     -0.53     39.94     -0.62
43.83     -0.15     39.75     -0.25
43.89      0.15     39.93     -0.56
43.94     -0.47     39.96     -0.38
44.00     -1.07     39.77     -0.63
44.05     -0.59     39.98     -0.77
44.11     -1.11     39.96     -0.48
44.17     -0.64     39.97     -0.49
44.22     -0.94     40.26     -0.45
44.28     -1.21     39.95     -0.54
44.34     -1.24     39.88     -0.56
44.39     -0.12     39.90     -0.45
44.45     -0.17     40.03     -0.56
44.51     -0.92     40.01     -0.51
44.56     -0.47     39.92     -0.44
44.62     -0.85     40.17     -0.49
44.68     -0.38     40.24     -0.60
44.73     -0.72     39.89     -0.40
44.79     -0.34     40.03     -0.29
44.85     -0.51     39.82     -0.44
44.90     -0.03     40.17     -0.56
44.96     -0.29     40.11     -0.48
45.01     -0.70     40.29     -0.48
45.07     -0.19     39.94     -0.40
45.13      0.62     40.01     -0.38
45.18     -0.81     39.78     -0.57
45.24     -0.17     40.18     -0.56
45.30     -0.81     39.99     -0.65
45.35      0.02     40.29     -0.58
45.41     -0.81     39.91     -0.50
45.47     -0.77     39.90     -0.56
45.52     -1.07     39.87     -0.42
45.58     -0.02     40.31     -0.46
45.63      0.41     39.90     -0.65
45.69     -0.98     40.07     -0.72
45.75     -0.45     39.93     -0.42
45.80     -0.89     39.99     -0.59
45.86      0.42     40.10     -0.68
45.92     -0.85     40.25     -0.52
45.97     -0.36     40.07     -0.67
46.03      0.05     40.20     -0.62
46.09      0.47     40.11     -0.70
46.14     -0.17     40.29     -0.86
46.20     -0.62     40.25     -0.85
46.26     -0.70     40.36     -0.51
46.31     -0.40     39.97     -0.63
46.37     -0.42     39.89     -0.51
46.43     -0.85     40.11     -0.63
46.48     -1.32     40.18     -0.58
46.54     -0.65     40.06     -0.70
46.60     -0.70     40.16     -0.72
46.65      0.03     40.03     -0.69
46.71     -0.98     40.22     -0.69
46.77     -1.07     40.19     -0.70
46.82     -0.62     40.03     -0.63
46.88      0.18     40.09     -0.60
46.94     -0.77     39.92     -0.47
46.99     -0.07     39.96     -0.32
47.05     -0.30     40.01     -0.70
47.10     -0.23     40.24     -0.65
47.16      0.26     40.00     -0.64
47.22     -0.40     40.06     -0.56
47.27     -0.06     39.99     -0.52
47.33      0.20     40.04     -0.76
47.39     -0.51     40.33     -0.82
47.44     -0.12     39.75     -0.50
47.50     -0.43     40.16     -0.69
47.56     -0.75     40.07     -0.52
47.61     -0.33     40.40     -0.50
47.67     -1.12     40.26     -0.73
47.73     -0.19     39.94     -0.42
47.78     -0.82     40.16     -0.72
47.84     -0.49     40.33     -0.50
47.90     -0.57     40.22     -0.61
47.95     -0.21     40.08     -0.58
48.01      0.13     40.14     -0.55
48.07     -0.08     40.10     -0.51
48.12     -0.91     40.21     -0.58
48.18     -1.47     40.16     -0.76
48.23     -1.13     40.19     -0.81
48.29     -0.49     40.34     -0.50
48.35     -0.57     40.05     -0.46
48.40     -0.48     40.12     -0.73
48.46     -0.74     40.27     -0.61
48.52     -0.23     40.30     -0.50
48.57      0.15     40.19     -0.55
48.63     -0.23     40.31     -0.64
48.69     -0.19     40.26     -0.42
48.74     -0.89     40.51     -0.63
48.80      0.13     40.12     -0.56
48.85     -0.34     40.44     -0.66
48.91     -0.10     40.54     -0.51
48.97      0.02     40.37     -0.63
49.02     -0.19     40.09     -0.50
49.08     -0.42     39.81     -0.69
49.14     -0.43     40.26     -0.55
49.20     -0.85     40.07     -0.69
49.25      0.65     40.49     -0.51
49.31     -0.65     40.40     -0.67
49.36     -0.74     40.29     -0.57
49.42     -0.68     40.25     -0.61
49.48     -1.36     40.63     -0.43
49.53     -0.40     40.08     -0.85
49.59     -1.00     40.31     -0.83
49.65     -0.74     40.38     -0.52
49.70     -0.74     40.61     -0.72
49.76     -0.64     40.42     -0.84
49.81      0.56     40.17     -0.58
49.87     -0.32     40.04     -0.83
49.93     -0.62     40.20     -0.29
49.98     -1.09     40.33     -0.53
50.04     -0.36     40.05     -0.48
50.10     -1.02     40.27     -0.54
50.15      0.13     40.32     -0.39
50.21     -0.75     40.10     -0.70
50.27     -0.44     40.21     -0.62
50.32     -0.66     40.45     -0.31
50.38     -0.25     40.26     -0.57
50.44     -0.06     40.37     -0.62
50.49     -0.23     40.08     -0.40
50.55     -0.94     40.27     -0.48
50.60     -0.81     40.29     -0.62
50.66      0.43     40.39     -0.61
50.72      0.37     40.33     -0.61
50.77     -0.75     40.46     -0.46
50.83     -0.77     40.54     -0.55
50.89     -0.06     40.27     -0.48
50.94     -0.49     40.41     -0.59
51.00     -0.34     40.50     -0.57
51.06     -0.17     40.57     -0.51
51.11      0.50     40.39     -0.69
51.17     -1.19     40.15     -0.83
51.23     -0.51     40.26     -0.63
51.28     -0.42     40.45     -0.35
51.34      0.52     40.23     -0.50
51.40     -0.87     40.15     -0.58
51.45     -0.00     40.06     -0.51
51.51     -0.19     40.32     -0.56
51.57     -0.10     40.58     -0.71
51.62     -0.62     40.74     -0.51
51.68     -0.25     40.35     -0.50
51.74     -0.76     40.13     -0.55
51.79     -0.34     40.59     -0.49
51.85     -0.51     40.58     -0.67
51.90     -1.17     40.67     -0.58
51.96     -0.55     40.46     -0.62
52.02     -0.29     40.29     -0.58
52.07     -0.81     40.39     -0.58
52.13     -0.47     40.31     -0.38
52.19     -1.13     40.42     -0.44
52.24     -0.45     40.35     -0.35
52.30     -0.76     40.49     -0.63
52.36     -0.51     40.54     -0.52
52.41      0.14     40.48     -0.49
52.47     -1.17     40.54     -1.08
52.52     -1.50     40.36     -0.96
52.58     -1.36     40.48     -0.98
52.64     -0.77     40.56     -0.89
52.69     -1.21     40.42     -1.05
52.75     -0.12     40.34     -1.13
52.81     -1.64     40.55     -1.03
52.86     -1.28     40.51     -0.99
52.92     -0.59     40.41     -1.04
52.98     -1.34     40.50     -0.86
53.03      0.05     40.48     -1.07
